reps:1
[EKF]
DHfile:dhevolution.txt
joints:7
x:0,-1.0774,1.5707963267948966192313216916398,-1.5707963267948966192313216916398,0,0,-1.5707963267948966192313216916398,-1.5707963267948966192313216916398,-0.15,-1.5228,-1.5707963267948966192313216916398,-1.832595714594046055769875306913‬,0.15,0,1.5707963267948966192313216916398,0,0,-1.373,1.5707963267948966192313216916398,-1.5707963267948966192313216916398,0,0,1.5707963267948966192313216916398,1.5707963267948966192313216916398,0.625,0.16,0,3.14159265358979323846


0,-1.0774,1.5707,-1.5707,   0,0,-1.5707, -1.57079,-0.15,    -1.5228, -1.5707,-1.8325‬, 0.15,    0,1.5707, 0,0,-1.373,  1.5707,-1.57079,0,0,1.5707,1.57079
0,0,0,0,0,0,0,0,0,0,0,0,0,0,0,0,0,0,0,0,0,0,0,0
,0,0,0,0


0,-10.774,1.5707963267948966192313216916398,-1.5707963267948966192313216916398,
0,0,-1.5707963267948966192313216916398,-1.5707963267948966192313216916398,
-1.5,-15.228,-1.5707963267948966192313216916398,-1.832595714594046055769875306913‬,
1.5,0,1.5707963267948966192313216916398,0,
0,-13.73,1.5707963267948966192313216916398,-1.5707963267948966192313216916398,
0,0,1.5707963267948966192313216916398,1.5707963267948966192313216916398,
6.25,1.6,0,3.14159265358979323846


0, -1.0774,1.5707963267948966192313216916398,-1.5707963267948966192313216916398,
0,       0,-1.5707963267948966192313216916398,-1.5707963267948966192313216916398,
-0.15, -1.5228,-1.5707963267948966192313216916398,-1.832595714594046055769875306913‬,
0.15,       0,1.5707963267948966192313216916398,0,
0,  -1.373,1.5707963267948966192313216916398,-1.5707963267948966192313216916398,
0,       0,     M_PI/2,    M_PI/2,
0.625,      0.16,          0, 3.14159265358979323846

##with markers
#r:10
r:1
q:0.01
p:0.5

##Without markers
#r:0.03
#q:0.01
#p:0.5

[AL]
use:yes
cost:no
costCoef:0.0000
input:7
iterations:50
lower_bounds:-93.5,1.0,-35.0,17.0,-89.0,-89.0,-18.8
upper_bounds:9.0,160.0,79.0,105.0,89.0,-1.0,38.6
max_time:1
outputFile:sixJointsMetrics.txt
trajectoryFile:trajectory6joints.txt
averageFile:averages6joints.txt
outputTrajectory:trajectoryEndEffector.txt

[bayesOpt]
n_iterations:30
n_init_samples:20
crit_name:cEI
cEI
goalCoef:0.0000
goal:-2.42915,3.211,0.685224,-0.304287,-0.750579,0.58655,3.11877
-3.24849,0.561143,1.33281,-0.559877,-0.824895,-0.0780137,2.69064
0,10,0,20,0,-10,0


lower_bounds -93.0,0.0,-35.0,15.0,-87.0,-87.0,-17.8
upper_bounds 9.0,160.0,79.0,105.0,89.0,-1.0,38.6 

[RIAC]
p1:0.3
p2:0.7
p3:0.0
tSplit:8

[Goal-driven]
delta:0.5
nSamples:10


//pôr sempre \n no fim

