

New execution
Iterations: 500
nJoints: 5
Active Learning: 0
Cost Sensitive: 0
costCoef: 1
[EKF]
p: 10
q: 0.001
r: 0.1
[Error values] 

44594.1
51262.2
45534.4
35536
45607.5
117870
117574
53041.3
78392.8
46317.3
38787.6
35196.5
39856.9
35898
32007.4
26543.2
24828.8
24810.8
26605.6
31071.4
36128.3
38095.9
21890.6
21467.6
21853.7
21517.6
22720.6
21701.3
23680.6
24175
26674.5
26154.9
23749.8
28528.7
27441.7
24869
22838.9
23778.4
28743.7
25024.4
30804.9
33633.9
28015.7
22961.2
20498.9
21337.9
24691.2
23029.8
20576.6
20360.6
25248.9
24646.7
25116.5
20922.4
21712.2
21875
21230
21882.6
26545.7
21148
22947.2
18845.9
19084.7
20699.6
23463.9
25593.9
20685.3
21630.8
19747
20721.6
20244.4
18460
18288.9
20954.1
20630.3
19675.6
18649.5
20733.7
18239.7
18862.5
21216.6
19461.1
21582.4
19186
21075.1
20133.2
22840.4
18485.6
17774.9
18354.9
18585.3
19454.2
16617.9
16526.8
20704.9
15849.9
19540.2
20175.3
17480.4
16648.3
16089.1
16706.2
15688.4
15489.1
15251.6
16580.5
17343.7
16565.8
17868.5
17395.4
16677.1
16252.4
16689.8
20025.6
17242
15055.4
16819.3
18051.8
15945.2
18087.5
15281.1
16318.5
17352
16381.9
15958.9
17739.2
16102.3
16913.7
16770.4
18294
14599.5
13258.8
13879.8
16823.2
17038.4
15254.6
18353.1
16290.4
15777.1
17726.8
13533.9
14604.7
15883.6
13661.5
14684.3
13977.8
12318.7
12326.3
12970.1
12978.2
13202.9
13687.1
13645.3
15862.4
13072.2
13824.2
14192.3
14042.2
12757.9
13376.4
13425.1
14029.2
21516.1
20406.9
14039.5
14220
13856.8
14209.3
15676.1
15259.2
12851
13263.8
13804.5
13447.8
12003.5
13200.8
11562.7
10704
10602.5
12634.5
12216
12051.7
11534.4
11772.8
11687.1
13367.1
12838.9
13496.7
11951.1
11576.2
11922.8
14701.1
13696.3
12515.4
11753.1
12217.7
10083.2
11467.7
11893.3
11622.3
11424.8
9742.36
9963.07
10238.9
11794.9
12119.7
10390.1
10401.3
12406.2
13527.9
11434.3
13455.7
12655.8
11469.4
10500.3
11102.3
13737.1
14699.8
13352.5
13624.8
9355.39
10537.1
13091.3
10521.6
11636.3
11141.3
11067.3
11171.6
14130.3
14363.7
10516.2
9922.66
10919.4
10367.4
11490.1
9660.85
9873.21
10964.6
11251.3
11084.6
10215.2
13457.2
12458.7
11438.1
11942.3
12191.7
12094.8
9248.88
12150.4
9516.73
9654.18
9484.52
10243.1
11194.2
8722.03
9972.93
11138.2
9529.75
10326.4
9413.35
9398.79
9371.87
8948.77
9076.41
9021.64
9118.11
10185.1
9597.11
9962.9
8853.24
9547.32
9106.23
9503.86
9075.71
9270.36
9955.16
10425
12134.1
12996.6
11962.4
10814.5
9816.29
11813.1
11596.8
11888.7
10707.3
9360.21
9897.86
9802.14
10101
11654.1
13561.4
11776.3
11436.2
10089.8
10299.1
10350.8
10110.2
13520.4
11767.7
11584.3
10214
10966
9945.09
9949.6
10156.4
10655.3
10241.8
12145.9
11039.9
9756.05
13489.9
14300.3
12314.3
11376.8
9925.66
12880.7
13016.6
10738.4
13640.3
12254.2
10342.6
11302.7
11034.1
11827.3
12173.5
9438.4
13383.6
12087.3
10405
10891.4
12362.9
11974.8
10723.7
10708.4
10074.8
10885
14256.3
16328.1
12954.1
13122.6
10523.5
12503.4
9792.82
9961.81
9981.33
10970.3
10932.3
10552.5
8434.95
8289.91
12401.8
13151.1
12058.4
12617
10817.2
11548.1
10495.2
12041.8
11547.9
11989.4
9449.05
9372.95
9251.92
11633
10114.9
10759.9
13282.9
13236
10601.3
10730.4
9742.67
9698.61
10574.3
9969.85
9698.41
9734.44
8890.35
10324.8
9554.43
8827.43
9446.05
13623.6
9845.1
9998.06
9445.06
11759.6
10368.5
8987.66
11490.3
8648.47
9322.78
9376.6
8925.19
9228.59
14035.1
12723.1
12003
10708.2
10428.3
10336.2
9951.84
9322.35
9878.81
9508
9135.9
8905.37
9589.46
8294.96
8719.96
8645.7
9502.48
8567.99
8329.29
9154.03
9538.57
9386.81
13954
11839.9
11164.4
12789.2
12582.5
12928.6
9645.53
9294.99
9340.59
10024.3
12988.8
12100.8
13488.2
9368.65
8248.45
8467.59
9022.78
9429.83
8088.47
8316.74
9808.43
10036.2
8918.8
8546.34
10424.5
9757.77
11877.6
14221.7
14570.9
13872.2
11515.9
10873.3
15508.1
16561.6
10880
10213.9
10616.1
13348.3
10612.1
11337.7
10555.6
10598.1
12988.1
11113.4
9229.48
9447.48
9853.6
10224
13776.9
14928.3
14879.5
9130.63
9370.86
8982.19
9381.41
9507.71
10802.9
9179.26
10982.8
10712.5
10403.9
10675.7
9404.4
9320.16
9253.25
13039.8
12906.9
13724.5
11451.8
12281.4
8806.4
8554.29
10460.6
11296.7
8488.9
9344.94
11069.3
11056.1
10154.5
10376.6
9425.64
8832.96
9403.22
