

New execution
Iterations: 500
nJoints: 5
Active Learning: 1
Cost Sensitive: 0
costCoef: 1
[EKF]
p: 10
q: 0.001
r: 0.1
[Error values] 

111244
118775
126716
107605
99823.9
173502
208229
158625
163765
75728.1
67474
51142.1
52308.7
61724.4
52209.9
50822.5
63278.5
57421
67804.8
50433.8
52702.7
41988.6
43785.3
30590.5
52942.2
45004.4
31477.9
26074.6
39880.1
32205.6
29846.6
25030.7
43238.3
40823.1
29836.7
36315.9
29255.1
28590.3
25782.4
21064.3
20681.3
27809.5
45282.3
29390.8
19978.4
23323.7
22400.1
15478.1
13253.6
13060.6
17504
23423.5
16333.5
17715.1
16142.2
13195.8
12045.9
11381.7
13585.4
12863.5
18511.8
17097.6
11161.5
16982.1
14475.5
13620.2
12095.9
11018.1
9870.01
10927.6
8764.72
12339.6
16557.4
12738.7
11510.9
8960.21
8649.62
9007.89
10312.1
10840.8
7694.05
8772.47
13314.6
10418.8
7747.17
7625.38
9185.35
9835.94
8226.62
8237.25
8922.83
12199.3
10107.1
11931
11708.5
6455.2
6206.87
7663.25
8830.57
10180.7
8822.69
11280.3
10037.6
13125.4
9685.65
9709.34
9696.32
8591.15
9434.71
9550.66
8972.08
6052.27
7132.5
6109.81
4801.13
5956.7
6262.9
9767.7
9254.86
9755.83
9770.32
9879.52
11141.4
10477.7
9686.92
8513.19
9540.65
9062.3
9441.6
9581.76
9634.17
10823.3
9346.33
9019.4
8872.57
9358.65
8672.27
7149.38
6234.32
8229.39
8927.67
10227.7
9172.91
9756.16
10626.7
10174.8
9482.8
9485.91
9396.52
9539.88
9053.19
9601.74
10212.2
9815.82
9621.9
9730.67
9064.4
9767.73
9911.56
9065.59
9103.68
9437.91
8762.54
9586.9
6552.24
6684.01
5244.05
5727.54
6638.93
6336.65
7079.92
8016.55
8949.67
10196.7
9482.01
9611.32
9502.93
9106.23
9728.05
10076.2
8977.95
9281.42
9550.35
9042.93
9494.44
9263.56
9534.95
9749.98
9460.22
9439.85
9401.65
9211.85
9378.82
9025.14
9559.05
6852.88
8463.93
9029.37
8321.87
9343.55
9414.83
9266.61
9337.98
9288.64
9434.56
9499.81
9567.55
9809.16
9166.1
9342.05
9618.54
9095.52
9360.07
9680.76
9525.97
9610.57
9558.15
9473.81
9377.96
9461.52
9202.47
9434.47
9436.3
9450.89
9442.3
6767.78
6827.69
8555.25
8911.35
9814.39
9276.78
9099.8
9335.43
9755.83
9905.44
9567.52
9539.1
9612.97
9395.46
8659.28
8667.15
9109.92
9417.25
10014
9690.19
9387.69
9516.23
9638.35
9707.11
9261.27
9246.95
9528.38
9069.48
9210.87
9778.51
9744.98
9314.07
9201.19
9323.72
9401.99
9549.25
9740.96
9368.33
9492.46
6168.11
5581.72
4814.5
4167.76
4180.01
4269.5
4211.11
4347.49
5019.11
4768.48
5850.19
4600.71
4354.37
4794.39
6492.34
4909.33
5245.66
6393.45
7380.04
7997.08
7494.33
8394.93
6086.31
5360.75
4629.67
6029.99
4538.36
4934.46
5165.21
5126.01
4977.17
5613.62
6226.15
5438.41
4428.6
4854.09
4151.16
3973.95
5441.98
3829.39
5638.15
4353.57
4106.25
6510.36
6622.56
8687.17
10385.6
10040.4
9961.99
9486.93
7347.74
7142.06
8647.86
7288.14
3873.36
3671.29
3900.19
4079.37
3977.37
3369.3
3420.71
3681.63
4081.07
7903.43
10522.3
10585.4
9351.08
12154.1
6805.98
8584
7048.58
8833.28
12315.1
10951.3
10444
10051.3
10736.2
10287.9
9864.39
8949.15
10269.7
9523.42
8984.01
10661
9710.13
9856.63
9310.52
9720.9
10433.8
8504.66
9482.67
5439.78
5526.4
5029.73
4115.74
3896.18
5320.73
4999.84
4180.02
3498.66
3443.55
4101.24
3695.21
6681.04
7532.96
7374.81
8662.64
10578
7500.04
10647.8
12185.6
9069.99
7802.8
8908.12
8744.34
10044.9
11280.6
9123.84
9923.14
9337.04
9449.97
10619.1
9897.29
9710.82
9491.95
9348.04
9638.66
8651.24
10047.8
11044.3
10041.3
9980.87
9922.61
9345.98
10130.6
9191.83
9742.17
9462.3
9265.75
9301.97
9240.49
9123.29
9446.18
9481.32
9810.9
9154.71
9514.54
9515.5
9193.78
9485.88
5766.14
6725.71
6688.03
5936.62
6582.61
5109.7
4097.43
4306.73
4482.41
6038.77
8491.33
8211.69
7519.36
9146.22
10537.6
7705.5
8364.13
7553.11
6699.03
9409.3
8900.83
9486.05
9651.71
9215.4
9591.98
9528.63
9819.61
9142.62
9385.8
9871.88
8823.89
9541.66
9647.12
8872.7
7051.34
5579.86
5921.34
6453.17
7497.64
6974.41
8020.85
8669.51
9056.43
9725.23
9387
9796.24
9863.39
8945.4
9263.86
9829.17
9224.54
9502.58
9587.67
9229.26
9406.06
9625.68
9148.69
9344.11
9665.96
9641.03
9369.9
9308.19
9297.25
9322.4
9353.27
9577.71
9406.92
9475.01
9432.96
9371.33
7950.77
8016.09
9017.84
10157.8
9553.09
9684.66
9293.35
9410.01
9541.93
9645.61
9674.73
9287.55
9427.95
6565.76
7275.78
4887.14


New execution
Iterations: 500
nJoints: 5
Active Learning: 1
Cost Sensitive: 1
costCoef: 0
[EKF]
p: 10
q: 0.001
r: 0.1
[Error values] 

110647
119103
127290
103866
95735.7
101875
132459
127224
83322.6
103794
86049.8
88504.3
67264.6
62880.5
76977.9
66053.6
61884.9
80675.1
74290.5
105774
88278.5
90017
86398.3
71174.5
78836.6
71938
72475.1
93242.4
94111.6
79857.7
68308.1
70544.5
74441.6
75141.7
62648.2
65059
66001.6
68820.9
62273.9
66860.4
63548.5
55821.6
73933.4
83998.6
77419.4
68883.7
73479.3
80366.2
71510.4
67989.8
83257.5
64639
75511.5
73038.7
65527
53173.1
54726.2
60628.3
70049.6
76782.8
72627.5
75582.9
73392.4
69401.2
61010.8
50694.4
63302.8
73781.1
73906.4
75784.9
59859.8
43548.8
44528.8
53429.3
51662.9
47810.8
56655.1
79251.4
59107.4
60444.8
67607.4
63379.9
39943.6
40285.2
42179.6
31022.2
43028.9
43949.1
46043.1
22164.1
23878.2
23329.6
25441.4
17651.5
16525.7
16633.6
18059.8
24102.1
24583.2
27584.5
24262.5
21509.2
13645
11652.2
14458
14927.3
11593.8
16892.9
12308.4
15722.5
13458.4
14269.1
14096.7
16134.4
12308.9
12491.9
15703.9
18857.1
10577.1
12074
11515.6
12309.9
11558.1
10787.3
9542.78
11306.7
12122
10283.9
9131.81
9816.5
8987.27
11136.5
12673.7
12881.8
8981.35
12182.8
8412.8
10849.8
10538.7
9415.16
9001.3
9221.18
9035.06
9309.72
8642.62
11239.2
12055.6
9034.51
11290.8
8671.75
7869.66
10360.1
8988.1
8618.01
9314.87
11685
9965
8465.45
7829.67
8953.63
7944.64
9413.42
9594.57
10214.9
10856.9
9558.93
9179.89
8456.4
6018.73
9968.83
10239.4
8303.01
7194.14
8437.71
8290.97
8926.03
10133.6
6681.72
7012.46
8240.14
7810.29
7593.21
8759.1
9259.65
9576.83
10559.2
9689.28
9905.6
8604.99
9024.69
9376.6
9569.7
9527.24
9508.4
9567.9
8987.89
8728.14
9540.95
9222.4
9301.71
9691.99
9301.06
9243.32
9035.3
9077.29
9402.94
9439.7
9519.88
9337.16
9617.61
9112.17
9338.37
9573.01
9281.4
9410.8
9190.96
8996.65
9350.72
9375.04
9687.42
9401.75
9465.29
8989.49
9200.87
9183.1
9301.65
9358.28
9316.33
9471.11
9479.29
6732.11
6420.82
8592.58
9794.82
9087.29
10053.8
9200.95
9474.83
9616.95
5507
8061.2
7081.66
6846.9
8376.96
9909.17
9514.23
9871.99
6771.76
8247.72
9771.49
10737.4
10701.2
10384.2
9443.5
9616.3
9255.22
9452.03
9593.29
9668.25
9264.18
9612.32
9482.89
9566.44
9419.37
9338.21
9185.34
9317.28
9226.82
9493.09
9234.11
9363.41
9306.29
9225.89
9315.84
9283.67
9338.35
9299.62
9199.06
9346.7
6659.19
5956.49
6098.66
6189.83
7494.29
8634.91
8708.1
9155.61
9150.27
9057.87
8950.81
9184.24
9024.59
9174.96
9336.26
9376.95
9191.3
9160.01
9345.27
9219.72
9030.52
9175.5
9226.75
9205.73
9251.03
9204.36
9332.38
9226.38
9330.53
9218.02
9225.32
9309.48
9242.33
9271.48
9215.79
9284.14
9357.31
9291.94
9296.22
9216.52
9275.86
9242.67
9309.96
9290.14
6899.25
6543.49
6168.68
9348.51
8279.79
8104.92
9412.88
8988.26
8779.23
8835.68
8682.07
9363.89
9239.52
9401.63
9117.78
9364.65
9218.68
9522.57
9258.97
9053.5
9150.03
9069.44
9411.91
9270.06
9493.87
9220.27
9139.55
9179.61
9129.59
9339.44
9208.24
9335.74
9190.12
9335.33
9297.96
9220.91
9353.21
9346.89
7166.8
5217.42
7828.23
8922.32
9169.62
10233.7
10110.6
9540.45
9510.56
9569.9
9665.7
9140.86
9588.59
9490.35
9798.45
9632.11
9206.98
9371.24
9236.11
9211.15
9529.31
9431.13
9184.86
9371.22
9338.09
9401.56
9245
9462.72
9363.97
9425.34
9308.32
9250.07
9323.9
9180.29
9348.85
9381.92
9367.29
9311.51
9264.47
9342.38
6935.43
7197.21
8316.15
9715.7
8975.2
8944.63
9045.8
9417.32
9285.08
6400.34
6387.02
6424.71
4460.35
4342.74
5426.91
8520.37
8378.42
8799.53
9967.76
9333.45
9800.07
10621.3
9249.13
9741.85
9188.31
8682.14
8437.78
8588.04
8191.63
9006.49
8857.76
9529.8
8970.73
9479.69
9020.33
6859.31
6974.72
4628.69
4520.62
4811.87
5984.07
6169.49
6440.69
9104.6
9799.16
9109.84
10100.8
8100.54
9172.76
9598.05
9815.53
10065
9538.52
9237.26
9412.6
7105.74
7534.18
7754.3
8472.84
8975.73
6968.73
7864.3
8662.05
8923.83
9112.77
9246.35
9035.66
8801.83
7407.16
8402.34
9690.82
8656.41
9806.92
6870.28
6702.1
11120.7
12855.1
12171.5
11574.6
10405.3
9889.72
7925.65
9477.91
9209.88
9137.96
8702.31
9846.35
9520.33
8689.61
9481.94
9342.15
9673.24
9158.39
9112.28
9995.47
9280.08
9474.39
8941.85
9497.14


New execution
Iterations: 500
nJoints: 5
Active Learning: 0
Cost Sensitive: 0
costCoef: 0
[EKF]
p: 10
q: 0.001
r: 0.1
[Error values] 

114521
144249
135109
130433
122679
132105
104477
81281.4
111892
77148.3
82893
83448.8
92433.5
85574.4
78614
77111.7
78224.8
66077.5
81144.5
80865.4
88359.6
99392.7
67271.8
66037.9
64012.7
63267.1
62060.9
64957.3
68931.2
82632.1
81409.5
63291.8
64902
70051.9
62330.2
61436.6
60495.1
62946.7
76249.1
72725
98952.7
103073
60141.6
55414.8
56796.9
55064.6
61747.6
55348.3
53547.7
52287.2
63533.6
51076.8
49962
54921.4
59949.2
57919.5
54474.3
60763.3
65055.9
57498.4
60749.8
54143.3
56307.8
52629.1
71431.1
73740.4
57717.2
61803
62726.8
51653.2
50804.5
59106.2
54354.6
63426.3
54722.2
50460.3
50449.9
61813.8
65268.6
56214.8
53712.8
47669.2
58715.2
49168.9
51662.1
56480.2
61115.9
53478.4
52092.1
54597.3
52641.4
52219
49439.1
52190
62867.7
46264.4
51772.8
55977.7
45814.4
47672.6
51654.7
57829.8
47158.3
47808.1
48118.6
56300.2
66568.5
51839
53366
52212.1
51707.9
51713.7
51199.6
63867.9
52115.6
44922.8
56401.9
57178.3
50251.9
66787.4
56398.3
47437.6
46013.6
57487.3
45825.9
59409.5
37981.9
45096.2
52507.9
56666.8
35962.4
44732.3
36789.7
43820.1
45807.7
34638.1
42974.7
47805.5
33048.1
44760.1
39199
40060.5
36212.3
34349.8
30537.2
30530.3
33193.8
31043.3
29874.6
32950.4
35708.3
36728
42834.2
46665.7
44463.3
46791.2
39955.7
47926.4
38091.8
37813
41414.5
45729
36458.9
32742.1
34965.7
33995
31364.4
33596.7
42318
34678.9
36718.8
30450.9
38169.2
30871.7
32185.5
38227.1
37938.5
35243.1
39127.3
31061.6
27431.5
28511.3
28540.1
35124.5
35078.7
33915.2
34137.2
29720.2
28260.9
29965.4
27079.7
30352.3
28865.3
28878.7
30399
31249.9
25658.2
25708.7
23873.4
23702.4
24729
24586.9
22304
23618.8
28067.6
26535.9
25166.8
24579.7
29101.3
21302.7
21195.6
18162.8
18050.3
20893.8
18804.1
19779.5
25109.6
28972.6
17205.7
18058.1
18591.7
17045.6
15346.2
13648.6
15584.4
19580.5
17426.8
18025
15610.4
18418.9
12435.5
13160.7
14014.1
11921.9
12091.4
13081.8
11465.8
11991.6
10443.8
13130.6
9649.26
11888.9
10325.1
12076.7
13154.8
11875.2
10800.4
11388.2
12410.3
11700
12082.4
10920.4
10859.2
14879.2
14641.4
10249.6
8491.16
7740.23
8363.88
9299.28
9787.14
10303.9
10326.9
10125.4
10552.4
11357.4
7200.73
7232.59
7204.89
7663.06
7226.39
7904
7554.13
6799.34
7749.88
6670.14
8880.93
9121.26
7051.03
6610.96
7524.72
7238.93
7255.82
8003.51
6992.51
6657.06
8021.74
8749.35
6201.51
6147.69
7683.98
7907.96
8137.85
5612.75
5681.44
5885.38
5631.04
5612.94
5568.63
5522.36
5340.22
5115.08
5231.73
6545.79
6865.43
6807.1
6149.83
8090.67
8579.28
4657.34
4537
5551.54
6140.57
5402.31
4523.2
4597.92
5945.76
5031.37
5197.94
6136.84
5184.41
5425.6
8961.24
6560.14
7019.02
5521.4
4044.17
4940.01
6064.94
5117.17
5028.02
5883.33
5321.37
6188.32
7330.16
3998.18
3869.07
4773.53
3588.08
4887.17
5506.76
3310.71
3434.12
3349.94
3489.33
3409.8
3139.98
3124.2
3119.25
3276.6
3879.67
4600.79
4200.43
5706.39
4345.35
3701.55
3087.81
2953.03
3316.51
3551.84
2951.87
2994.26
3049.76
3091.77
3306.63
3028.62
3466.43
3196.28
3481.65
2767.18
2865.21
2877.74
3340.74
4013.17
3946.64
3541.78
3259.53
3120.47
3200.87
3270.25
3070.64
3439.42
4314.55
3377.55
3272.6
3539.75
3614.22
2992.31
3965.41
2999.76
3568.44
2652.05
2848
3529.55
3666.69
3692.58
5579.84
4486.98
4359.88
2711.68
2654.69
2383.44
2499.57
2918.57
2629.25
3065.46
2509.23
2383.6
2379.72
2522.43
2457.79
2926.76
2816.55
2403.52
2412.42
2357.28
2383.15
2575.27
2497.03
2863.18
2684.18
2672.09
2760.37
2444.12
2503.92
2474.27
3215.95
2812.99
3842.99
2678.17
2776.18
2708.57
2791.6
2407.08
2393.75
2394.14
2313.43
2467.56
2518.12
3505.23
3486.63
2813.58
2849.34
2750.11
2776.8
2750.89
2756.6
2823.22
4321.8
4591.9
3229.72
2859.1
2886.33
2376.02
2474.32
2468.67
2588.24
2766.39
2886.3
2200.54
2201.3
2553.3
2320.1
2353.31
2330.73
2371.75
2331.28
3181.55
2176.09
2159.01
3638.98
2930.97
2655.96
3342.95
2673.2
2770.08
2504.69
2640.52
2630.59
2788.37
2456.75
2433.22
2534.9
2876.79
2955.75
2693.76
2597.38
3385.42
2397.82
2664.41
2508.16
2538.24
2302.95
2200.92
2263.04
2326.76
2622.02
2407.06
2152.27
2068


New execution
Iterations: 1
nJoints: 5
Active Learning: 0
Cost Sensitive: 0
costCoef: 0
[EKF]
p: 10
q: 0.001
r: 0.1
[Error values] 

112106
112106 228.073


New execution
Iterations: 1
nJoints: 5
Active Learning: 0
Cost Sensitive: 0
costCoef: 0
[EKF]
p: 10
q: 0.001
r: 0.1
[Error values] 

112106 228.073


New execution
Iterations: 1
nJoints: 5
Active Learning: 0
Cost Sensitive: 0
costCoef: 0
[EKF]
p: 10
q: 0.001
r: 0.1
[Error values] 

112106 228.073


New execution
Iterations: 400
nJoints: 5
Active Learning: 0
Cost Sensitive: 0
costCoef: 0
[EKF]
p: 10
q: 0.001
r: 0.1
[Error values] 

112106 228.073
129307 332.576
167844 436.745
162388 530.241
212787 695.815
264254 744.536
191486 906.676
97380.1 980.207
130788 1110.68
97762.2 1265.2
100118 1419.69
72024.4 1572.21
64204.4 1757.73
69675.7 1886.45
46501.7 1975.87
32435.6 2096.82
31295.9 2193.53
29148 2278.35
38305.8 2389.81
26492 2483.23
27519.7 2633.39
32322 2739.74
21439.9 2807.04
21319.8 2952.68
20303.6 3043.53
20577.2 3210.88
22422 3328.67
20800.4 3448.61
24533.4 3651.46
32249.6 3817.37
29613.1 3943.64
23807.6 4083.83
21914.5 4213.93
21921.2 4405.71
25841 4583.94
23386.7 4678.94
19445.8 4762.85
13947.8 4828.84
17220.9 5018.84
19865.3 5166.44
25636 5208.46
22489.7 5358.88
16333.2 5489.79
16890.9 5551.71
12158.4 5671.95
12879.2 5764.53
14367.1 5843.34
15471.3 5953.28
12110.5 6076.78
11739.3 6153.18
13294.7 6220.62
13354.8 6310.88
14697.4 6399.45
13672 6542.89
14699.5 6653.27
12883.5 6770.85
10928.3 6927.5
12727.2 7119.68
17872.5 7213.31
10278.1 7327.89
10774.9 7432.79
10750.7 7575.97
9804.96 7713.16
9378.41 7794.18
11095.3 7832.49
10557.1 7977.58
7513.97 8132.3
8417.02 8218.91
8994.8 8305.38
9292.83 8418.94
9450.71 8531.92
8534.03 8653.82
7321.6 8742.45
9262.14 8823.61
6857.96 8989.74
7808.29 9080.11
7313.25 9238.63
9437.64 9383.86
8686.71 9492.77
8470.86 9588.85
6328.81 9633.72
6503.7 9733.29
7870.23 9789.47
7881.34 9892.08
8430.7 10008.1
8890.61 10088.8
9031.11 10199.1
7568.08 10330.9
6766.71 10463.5
5094.28 10558
5757.17 10605.9
6314.8 10729.8
5999.94 10833.5
5585.46 10923.2
6035.63 11008.6
5515.49 11093.9
5546.29 11271.2
5144.99 11442.4
4291.32 11508.3
4536.5 11634.5
4638.3 11740.8
5723.96 11861.9
5821.71 11957
5752.62 12005.7
8427.5 12076
11711.3 12151.1
5159.85 12224.1
5561.06 12312.9
5442.85 12367
6024.68 12453.6
6349.32 12549.3
5657 12631.1
5635.92 12718.6
5183.09 12832.4
5353.88 13013.5
4878.53 13120.2
4738.95 13211.3
5502.05 13354.6
4390.09 13453.6
4625.99 13528.2
4454.03 13625.4
4044.81 13696.7
3981.48 13800.5
4380.69 13915.6
3554.7 13987
3833.58 14122.8
3675.01 14335.4
3639.87 14488.7
4478.16 14541.3
5602.89 14720
4665.24 14779.2
4214.39 14894.8
4018.91 14998.9
4583.6 15095.8
5164.19 15207.9
5699.07 15294.4
6367.85 15348.7
6633.27 15492.7
6570.28 15592.2
6974.3 15708.1
5361.59 15830.9
5352.08 15998.7
3345.34 16161.9
3048.81 16307.9
3715.6 16423.6
3684.53 16551.6
3782.98 16710.9
3989.03 16847.4
3610.96 16954.6
3285.72 17040.9
3339.03 17170.1
3825.34 17261.5
3493.46 17347.4
3741.63 17461.4
3543.74 17652.8
4560.74 17814.2
2986.83 17912.2
2849.3 18078.4
2776.49 18208.2
2297.38 18326.5
2356.93 18463.5
2990.85 18579.1
2303.53 18740.1
2434.43 18897.8
2662.01 18971.5
2154.83 19121.4
2147 19233.1
2578.49 19362.5
2605.25 19481.5
2962.46 19530.6
3114.29 19692.3
2298.92 19904.2
2914.92 19996.8
2391.78 20073.5
2049.07 20162.9
2037.61 20334.4
2030.93 20449.8
2585.15 20556
1855.4 20634.7
1945.53 20751
1865.15 20884.9
2012.57 21006.1
2079.83 21171.4
2042.96 21197.3
1951.27 21305.2
1941.48 21377.2
1909.96 21528.2
2006.43 21622.8
1967.48 21777.5
2152.37 21913
2141.86 22050.6
2881.67 22194.3
2600.04 22303.3
2505.14 22436.2
2786.48 22499.5
3200.42 22644.4
2456.82 22743.3
2516.6 22882.6
2521.35 22932.1
2571.72 23028.1
2624.36 23084.7
2937.89 23185.8
2157.08 23260.2
2003.17 23341.4
2357.47 23511.7
2356.03 23671
2524.73 23763.9
2198.95 23851.3
2098.48 23952.8
2311.98 24132.6
1999.31 24177.7
1743.93 24293.3
1786.14 24383.4
1797.75 24499.6
2051.13 24612.7
2365.89 24741
2052.27 24927.7
2099.42 25055.1
1956.06 25202.7
2304.95 25322.1
1733.11 25421.5
2629.23 25493.1
2146.63 25657.1
2281.28 25807
2166.64 25997.6
1683.61 26144.8
1582.13 26324.9
1671.09 26484.6
1694.1 26571.2
2010.76 26669.2
1976.41 26749
1831.4 26862
1860.13 26926
1813.28 27010.8
1629.11 27126.7
1453.01 27211.9
1532.41 27273.4
1713.31 27373.9
1711.12 27451.9
1594.21 27572.4
1614.13 27665.3
2025.28 27766.7
1841.64 27848.2
1853.21 27981.1
1722.14 28162.1
1870.71 28339.9
1873.59 28431
1702.75 28533.2
1918.11 28698.5
1970.84 28811.7
2102.62 28961.9
1704.86 29067
1694.38 29231.5
1734.64 29401.2
1498.15 29555.4
2139.14 29672.9
1803.16 29775.9
1702.64 29957.3
1521.86 30095.5
1592.79 30193.8
1610.61 30312.6
1546.85 30416.7
1641.42 30542.5
1380.73 30720.8
1399.5 30777.6
1509.43 30886.4
1872.01 31023.6
1515.79 31147.9
1441.83 31212.6
1546.2 31343.2
1460.64 31500.6
1808.07 31690
1753.1 31853.8
1686.51 31974.9
1683.97 32041.3
1748.88 32195.8
1440.83 32324.2
1961.53 32429.7
2363.66 32540.2
1701.83 32660.8
1474.25 32835.6
1500.37 32936
1532.39 33070.2
1377.66 33183.3
1476.24 33298.1
1408.68 33389.6
1661.14 33504.6
1690.87 33673
1597.89 33798.7
1503.27 33925.3
1821.12 34043.8
1494.79 34171.6
1533.98 34353.6
1510.82 34480.9
1345.9 34559.1
1250.72 34649.8
1615.63 34721.7
1456.34 34869.9
1443.3 34939.6
1525.2 35067.4
1549.29 35228
1493.32 35382.9
1545.66 35497.2
1500.13 35620.9
1413.33 35676.4
1345.91 35754.3
1285.58 35800.4
2032.82 35897.4
2309.39 36046.1
1874.9 36153.4
1456.05 36263.8
1291.57 36408.8
1357.89 36470.1
2071.95 36611.5
1832.68 36665.6
1868.01 36819.7
1945.33 36995.1
1553.72 37111.6
1645.71 37263.3
1675.56 37437.1
1240.19 37499.1
1468.01 37561.9
1691.45 37714.5
1501.04 37897.1
1389.17 38113.6
1304.19 38238.9
1348.37 38296.1
1346.1 38479.6
1273.65 38629.1
1236.62 38729.8
1468.09 38904.4
1275.97 39040.8
1408.55 39135.5
1272.95 39278
1841.09 39432.5
1462.19 39490.8
1242.68 39663.4
1238.05 39732
1649.56 39846.8
1540.95 39961.8
1212.98 40134.7
1206.24 40238.5
1199.68 40341.2
1350.99 40403.2
1190.1 40540.6
1345.36 40669.3
1440.71 40882.2
1487.29 41023.8
1276.84 41159.9
1244.32 41295.4
1453.1 41447.6
1419.97 41574
1371.84 41622.4
2205.76 41658.2
1681.1 41843.7
1248.22 41919.8
1285.49 42052.3
1201.54 42189.8
1327.94 42285.8
1312.68 42377.8
1391.64 42459
1223.65 42620.2
1371.59 42673.4
1474.79 42742.9
1536.7 42854.9
1369.36 42952.6
1535.16 43095.7
1217.68 43189.8
1236.76 43301.2
1721.46 43480.5
1671.07 43575.2
1350.37 43643
1310.21 43783.5
1653.47 43999.3
1589.34 44185.4
1518.57 44353.9
1337.63 44443.5
1295.9 44595.1
1355.69 44652
1471.86 44747
1264.74 44835.7
1210.26 44961.4
1223.97 45111
1242.71 45159.8
1332.66 45326.6
1439.95 45405.5
1431.09 45501
2056.19 45612.3
1937.25 45718.4
1196.39 45861.8
1157.68 45957.8
1563.92 46039.2
1219.13 46161.7
1722.47 46388.3
1796.46 46526.9
1714.92 46646
2148.14 46750.4
2022.06 46887.3
1590.2 47024.7
1554.75 47140.1


New execution
Iterations: 300
nJoints: 5
Active Learning: 0
Cost Sensitive: 0
costCoef: 0
[EKF]
p: 10
q: 0.001
r: 0.1
[Error values] 

111425 228.073
125564 332.576
111101 436.745
89309 530.241
92686.2 695.815
194019 744.536
155872 906.676
113556 980.207
85760.3 1110.68
127347 1265.2
98132.4 1419.69
66635.7 1572.21
69968.3 1757.73
79456.1 1886.45
60920 1975.87
58157.4 2096.82
51535.5 2193.53
49819 2278.35
56177.2 2389.81
57101.1 2483.23
58056.9 2633.39
80133.7 2739.74
42245.8 2807.04
39521.3 2952.68
38182.9 3043.53
36911.4 3210.88
41847.2 3328.67
35380.1 3448.61
37711.3 3651.46
43395.6 3817.37
45373 3943.64
38352.6 4083.83
35594.9 4213.93
37777.3 4405.71
38684 4583.94
31652.7 4678.94
38799.9 4762.85
29482.4 4828.84
29744 5018.84
29160.8 5166.44
32534.7 5208.46
36922.3 5358.88
35199.9 5489.79
35675.6 5551.71
24485.6 5671.95
26780.1 5764.53
22402.7 5843.34
28759.6 5953.28
23823.7 6076.78
20805.1 6153.18
21976.2 6220.62
19866.3 6310.88
23126.2 6399.45
18882 6542.89
18891.2 6653.27
21478.4 6770.85
18110.1 6927.5
19586.7 7119.68
20550.7 7213.31
23255.5 7327.89
21447.4 7432.79
20539.7 7575.97
17390.7 7713.16
15748.7 7794.18
17471.5 7832.49
16525.5 7977.58
15326.3 8132.3
14080.9 8218.91
14164.7 8305.38
13533.5 8418.94
13655.5 8531.92
13224.4 8653.82
12128.3 8742.45
11524.8 8823.61
14749.3 8989.74
13106.9 9080.11
15148.2 9238.63
14094.7 9383.86
11309.9 9492.77
14149.2 9588.85
9518.54 9633.72
10454.3 9733.29
8982.65 9789.47
9307.71 9892.08
10325.6 10008.1
10531.9 10088.8
9990.27 10199.1
11072.4 10330.9
10188.6 10463.5
7728.77 10558
7376.49 10605.9
7499.58 10729.8
8019.05 10833.5
7211.19 10923.2
7114.82 11008.6
9613.64 11093.9
6946.93 11271.2
6674.81 11442.4
7851.03 11508.3
8650.01 11634.5
8582.03 11740.8
7058.72 11861.9
7668.55 11957
8889.29 12005.7
8061.9 12076
7117.14 12151.1
11256.3 12224.1
6068.28 12312.9
6076.74 12367
6092.79 12453.6
6760.58 12549.3
5694.98 12631.1
5608.59 12718.6
5860.11 12832.4
6169.99 13013.5
5246.28 13120.2
5013.43 13211.3
5445.23 13354.6
5298.86 13453.6
5144.52 13528.2
4676.09 13625.4
4801.14 13696.7
4666.53 13800.5
5309.07 13915.6
5459.54 13987
5256.22 14122.8
4189.95 14335.4
4147.08 14488.7
4227.29 14541.3
4197.28 14720
6246.71 14779.2
5525.4 14894.8
4701.64 14998.9
4666.22 15095.8
5347.08 15207.9
5343.5 15294.4
5640.05 15348.7
5620.39 15492.7
5582.22 15592.2
5704.02 15708.1
4145.75 15830.9
3927.22 15998.7
4122.44 16161.9
3782.98 16307.9
3645.82 16423.6
3514.79 16551.6
3712.83 16710.9
3494.88 16847.4
3443.15 16954.6
3496.89 17040.9
3537.87 17170.1
3652.68 17261.5
4315.84 17347.4
3614.49 17461.4
3836.08 17652.8
3777.84 17814.2
3216.74 17912.2
3717.28 18078.4
3532.91 18208.2
3387.5 18326.5
3548.11 18463.5
3510.34 18579.1
3882.76 18740.1
3510.32 18897.8
3023.07 18971.5
3145.76 19121.4
3176.1 19233.1
2978.11 19362.5
3004.46 19481.5
3139.58 19530.6
3195.73 19692.3
3218.12 19904.2
3240.66 19996.8
3027.09 20073.5
3716.69 20162.9
3326.31 20334.4
3522.14 20449.8
3395.96 20556
3392.66 20634.7
3009.04 20751
3137.61 20884.9
2926.99 21006.1
2967.63 21171.4
3511.95 21197.3
3613.86 21305.2
3137.75 21377.2
3456.72 21528.2
3216.91 21622.8
3128.77 21777.5
2890.94 21913
2907.35 22050.6
2851.02 22194.3
2923.08 22303.3
2959.02 22436.2
3460.26 22499.5
4087.45 22644.4
3400.62 22743.3
3849.98 22882.6
3008.41 22932.1
3005.43 23028.1
3089.44 23084.7
3140.24 23185.8
2940.46 23260.2
2973.92 23341.4
3007.88 23511.7
2918.98 23671
2819.86 23763.9
2806.45 23851.3
2911.33 23952.8
2709.01 24132.6
2767.57 24177.7
2918.06 24293.3
2818.84 24383.4
3196.3 24499.6
3153.41 24612.7
4160.01 24741
4081.69 24927.7
4409.18 25055.1
2899.33 25202.7
2843.85 25322.1
3409.41 25421.5
4365.06 25493.1
3990.55 25657.1
2876.99 25807
2955.25 25997.6
3130.6 26144.8
2829.55 26324.9
2624.76 26484.6
2799.86 26571.2
2756.4 26669.2
2639.8 26749
2694.04 26862
2845.7 26926
2570.79 27010.8
2729.47 27126.7
2861.75 27211.9
2590.71 27273.4
2667.91 27373.9
2767.62 27451.9
2686.83 27572.4
2705.07 27665.3
2830.83 27766.7
2767.92 27848.2
2889.67 27981.1
3025.21 28162.1
3219.46 28339.9
3043.1 28431
3260.18 28533.2
3489.85 28698.5
3037.41 28811.7
3524.49 28961.9
3259.02 29067
3090.89 29231.5
2912.31 29401.2
3297.27 29555.4
3532.62 29672.9
3129.32 29775.9
2559.77 29957.3
2596.36 30095.5
2783.04 30193.8
3029.66 30312.6
2943.62 30416.7
3561.78 30542.5
2548.02 30720.8
2579.2 30777.6
2596.67 30886.4
2746.68 31023.6
2637.25 31147.9
2571.15 31212.6
2557.34 31343.2
2729.63 31500.6
2961.47 31690
3001.21 31853.8
2873.13 31974.9
3057.12 32041.3
2595.85 32195.8
2737.22 32324.2
3309.82 32429.7
3343.99 32540.2
2694.32 32660.8
2964.05 32835.6
2388.92 32936
2568.45 33070.2
2417.95 33183.3
2391.66 33298.1
2470.71 33389.6
2533.61 33504.6
3617.61 33673
2465.95 33798.7
2407.86 33925.3
2402 34043.8
2634.18 34171.6
2528.01 34353.6
2314.53 34480.9
2183.91 34559.1
2220.93 34649.8
2617.15 34721.7
2435.31 34869.9
2550.88 34939.6
2391.46 35067.4


New execution
Iterations: 300
nJoints: 5
Active Learning: 0
Cost Sensitive: 0
costCoef: 0
[EKF]
p: 10
q: 0.001
r: 0.1
[Error values] 

112287 228.073
130390 332.576
178800 436.745
155529 530.241
115092 695.815
232087 744.536
115246 906.676
140049 980.207
128535 1110.68
162435 1265.2
147481 1419.69
123060 1572.21
111661 1757.73
98792.4 1886.45
96731.2 1975.87
75188.5 2096.82
103187 2193.53
89269.7 2278.35
103480 2389.81
90304.8 2483.23
122988 2633.39
126234 2739.74
85299.2 2807.04
72408.1 2952.68
64106.7 3043.53
65975.1 3210.88
62021.3 3328.67
61559.4 3448.61
66229.6 3651.46
81040.2 3817.37
66247.9 3943.64
68569.2 4083.83
59587 4213.93
64288.3 4405.71
70391 4583.94
67942.3 4678.94
69997.8 4762.85
66919.6 4828.84
85725.9 5018.84
90894.2 5166.44
97201.4 5208.46
92556.3 5358.88
110869 5489.79
74716 5551.71
70615.9 5671.95
59354.7 5764.53
70517.2 5843.34
65500.6 5953.28
61814.2 6076.78
59112.3 6153.18
70914.1 6220.62
57173.5 6310.88
57184.9 6399.45
65726 6542.89
79118 6653.27
63106 6770.85
61919.8 6927.5
82165.6 7119.68
79241.3 7213.31
69048.4 7327.89
72612.6 7432.79
72023.6 7575.97
69543.7 7713.16
66702.3 7794.18
69234.1 7832.49
65630.9 7977.58
57049.2 8132.3
69404.5 8218.91
68485.9 8305.38
61825.3 8418.94
64949.7 8531.92
66769.1 8653.82
65087.5 8742.45
78923.1 8823.61
84744.7 8989.74
59150.5 9080.11
65638 9238.63
67098.1 9383.86
68730.1 9492.77
75772.7 9588.85
74794.5 9633.72
59431.7 9733.29
76503.2 9789.47
61718.4 9892.08
60161 10008.1
71096.9 10088.8
79787.2 10199.1
74079.5 10330.9
62049.6 10463.5
62654.9 10558
56696.1 10605.9
57970 10729.8
61738.6 10833.5
70588.4 10923.2
89526 11008.6
59210.2 11093.9
67720.5 11271.2
63522 11442.4
54455 11508.3
59308.9 11634.5
60281.7 11740.8
71335.2 11861.9
58175.6 11957
55872.4 12005.7
75938.9 12076
89508.6 12151.1
100813 12224.1
72561.6 12312.9
74045.7 12367
68013 12453.6
64050.2 12549.3
63947 12631.1
60847.2 12718.6
70507.4 12832.4
57877.6 13013.5
53610.4 13120.2
72058.6 13211.3
74677.7 13354.6
62731 13453.6
73602.5 13528.2
66860.4 13625.4
56874.7 13696.7
62939 13800.5
64393.7 13915.6
63264.4 13987
80321.7 14122.8
55374.7 14335.4
56499.4 14488.7
76651.2 14541.3
81732.3 14720
54282.3 14779.2
57181.8 14894.8
52048.8 14998.9
65668.9 15095.8
61040.7 15207.9
56798.9 15294.4
69092.3 15348.7
74001.9 15492.7
59783.6 15592.2
72301.5 15708.1
68471.9 15830.9
68953 15998.7
62562.6 16161.9
64465.1 16307.9
64634.9 16423.6
64105.3 16551.6
64720.5 16710.9
60617.4 16847.4
57390.1 16954.6
55459.3 17040.9
62497.2 17170.1
73715.6 17261.5
80838.3 17347.4
89530.4 17461.4
70074.6 17652.8
78684.4 17814.2
57580.6 17912.2
71337.3 18078.4
61829 18208.2
55288.7 18326.5
68257 18463.5
84034.4 18579.1
57601.4 18740.1
57445.5 18897.8
64176.1 18971.5
59999.1 19121.4
58859 19233.1
64311.1 19362.5
60766.3 19481.5
55279.5 19530.6
58342 19692.3
61513.8 19904.2
55809.3 19996.8
55677.4 20073.5
51857 20162.9
58783.6 20334.4
53090.3 20449.8
53918.2 20556
53813.3 20634.7
56674.7 20751
49261.1 20884.9
53635.2 21006.1
57191.3 21171.4
66178.3 21197.3
60094.5 21305.2
64027.3 21377.2
55154.2 21528.2
61755 21622.8
49593.2 21777.5
50415.6 21913
52235.7 22050.6
64281.2 22194.3
60199.6 22303.3
58175 22436.2
62847.5 22499.5
54297.6 22644.4
50619.5 22743.3
60337.8 22882.6
50745.5 22932.1
48310.4 23028.1
52952.3 23084.7
44885.5 23185.8
48670.1 23260.2
50459.1 23341.4
58794.8 23511.7
59173.7 23671
51389.4 23763.9
49707.7 23851.3
58164.8 23952.8
49495.8 24132.6
51248.4 24177.7
57713.8 24293.3
42960.2 24383.4
40954.9 24499.6
39083 24612.7
41117.3 24741
40279.8 24927.7
43313.6 25055.1
44739 25202.7
41270.7 25322.1
44041.7 25421.5
46499.4 25493.1
37013.3 25657.1
34886.6 25807
40458.4 25997.6
37403.8 26144.8
44819.4 26324.9
41570.8 26484.6
54113.9 26571.2
53051.1 26669.2
36980.5 26749
36615.1 26862
36741.1 26926
35014.5 27010.8
40038.1 27126.7
33394.8 27211.9
28572 27273.4
32913 27373.9
28209.4 27451.9
29456.1 27572.4
28100.3 27665.3
33153.2 27766.7
34299.9 27848.2
29217.7 27981.1
35743.8 28162.1
36806.8 28339.9
28859.9 28431
25883.3 28533.2
26631.2 28698.5
26662.8 28811.7
25277.3 28961.9
28295.2 29067
25993.8 29231.5
36582.5 29401.2
26498.6 29555.4
26458.8 29672.9
20695.7 29775.9
20414.3 29957.3
20678.6 30095.5
20118.9 30193.8
22784.1 30312.6
26699.5 30416.7
20458.9 30542.5
21458.9 30720.8
21117.4 30777.6
25688.6 30886.4
18476 31023.6
18520.3 31147.9
17575.5 31212.6
16443 31343.2
16450.6 31500.6
17330.4 31690
17135.3 31853.8
15810 31974.9
16815.9 32041.3
14822.5 32195.8
17926.6 32324.2
19269.3 32429.7
15511.9 32540.2
14731.1 32660.8
14383 32835.6
14547.8 32936
14854.1 33070.2
15148.5 33183.3
14121.5 33298.1
12752.6 33389.6
17078.2 33504.6
14629.7 33673
12099.8 33798.7
11750.7 33925.3
15781.7 34043.8
14897.7 34171.6
14542.9 34353.6
12084.7 34480.9
11891.1 34559.1
12435.5 34649.8
10816.3 34721.7
10363.2 34869.9
15214.9 34939.6
10584.4 35067.4


New execution
Iterations: 300
nJoints: 5
Active Learning: 0
Cost Sensitive: 0
costCoef: 0
[EKF]
p: 10
q: 0.001
r: 0.1
[Error values] 

112287 228.073
130390 332.576
178800 436.745
155529 530.241
115092 695.815
232087 744.536
115246 906.676
140049 980.207
128535 1110.68
162435 1265.2
147481 1419.69
123060 1572.21
111661 1757.73
98792.4 1886.45
96731.2 1975.87
75188.5 2096.82
103187 2193.53
89269.7 2278.35
103480 2389.81
90304.8 2483.23
122988 2633.39
126234 2739.74
85299.2 2807.04
72408.1 2952.68
64106.7 3043.53
65975.1 3210.88
62021.3 3328.67
61559.4 3448.61
66229.6 3651.46
81040.2 3817.37
66247.9 3943.64
68569.2 4083.83
59587 4213.93
64288.3 4405.71
70391 4583.94
67942.3 4678.94
69997.8 4762.85
66919.6 4828.84
85725.9 5018.84
90894.2 5166.44
97201.4 5208.46
92556.3 5358.88
110869 5489.79
74716 5551.71
70615.9 5671.95
59354.7 5764.53
70517.2 5843.34
65500.6 5953.28
61814.2 6076.78
59112.3 6153.18
70914.1 6220.62
57173.5 6310.88
57184.9 6399.45
65726 6542.89
79118 6653.27
63106 6770.85
61919.8 6927.5
82165.6 7119.68
79241.3 7213.31
69048.4 7327.89
72612.6 7432.79
72023.6 7575.97
69543.7 7713.16
66702.3 7794.18
69234.1 7832.49
65630.9 7977.58
57049.2 8132.3
69404.5 8218.91
68485.9 8305.38
61825.3 8418.94
64949.7 8531.92
66769.1 8653.82
65087.5 8742.45
78923.1 8823.61
84744.7 8989.74
59150.5 9080.11
65638 9238.63
67098.1 9383.86
68730.1 9492.77
75772.7 9588.85
74794.5 9633.72
59431.7 9733.29
76503.2 9789.47
61718.4 9892.08
60161 10008.1
71096.9 10088.8
79787.2 10199.1
74079.5 10330.9
62049.6 10463.5
62654.9 10558
56696.1 10605.9
57970 10729.8
61738.6 10833.5
70588.4 10923.2
89526 11008.6
59210.2 11093.9
67720.5 11271.2
63522 11442.4
54455 11508.3
59308.9 11634.5
60281.7 11740.8
71335.2 11861.9
58175.6 11957
55872.4 12005.7
75938.9 12076
89508.6 12151.1
100813 12224.1
72561.6 12312.9
74045.7 12367
68013 12453.6
64050.2 12549.3
63947 12631.1
60847.2 12718.6
70507.4 12832.4
57877.6 13013.5
53610.4 13120.2
72058.6 13211.3
74677.7 13354.6
62731 13453.6
73602.5 13528.2
66860.4 13625.4
56874.7 13696.7
62939 13800.5
64393.7 13915.6
63264.4 13987
80321.7 14122.8
55374.7 14335.4
56499.4 14488.7
76651.2 14541.3
81732.3 14720
54282.3 14779.2
57181.8 14894.8
52048.8 14998.9
65668.9 15095.8
61040.7 15207.9
56798.9 15294.4
69092.3 15348.7
74001.9 15492.7
59783.6 15592.2
72301.5 15708.1
68471.9 15830.9
68953 15998.7
62562.6 16161.9
64465.1 16307.9
64634.9 16423.6
64105.3 16551.6
64720.5 16710.9
60617.4 16847.4
57390.1 16954.6
55459.3 17040.9
62497.2 17170.1
73715.6 17261.5
80838.3 17347.4
89530.4 17461.4
70074.6 17652.8
78684.4 17814.2
57580.6 17912.2
71337.3 18078.4
61829 18208.2
55288.7 18326.5
68257 18463.5
84034.4 18579.1
57601.4 18740.1
57445.5 18897.8
64176.1 18971.5
59999.1 19121.4
58859 19233.1
64311.1 19362.5
60766.3 19481.5
55279.5 19530.6
58342 19692.3
61513.8 19904.2
55809.3 19996.8
55677.4 20073.5
51857 20162.9
58783.6 20334.4
53090.3 20449.8
53918.2 20556
53813.3 20634.7
56674.7 20751
49261.1 20884.9
53635.2 21006.1
57191.3 21171.4
66178.3 21197.3
60094.5 21305.2
64027.3 21377.2
55154.2 21528.2
61755 21622.8
49593.2 21777.5
50415.6 21913
52235.7 22050.6
64281.2 22194.3
60199.6 22303.3
58175 22436.2
62847.5 22499.5
54297.6 22644.4
50619.5 22743.3
60337.8 22882.6
50745.5 22932.1
48310.4 23028.1
52952.3 23084.7
44885.5 23185.8
48670.1 23260.2
50459.1 23341.4
58794.8 23511.7
59173.7 23671
51389.4 23763.9
49707.7 23851.3
58164.8 23952.8
49495.8 24132.6
51248.4 24177.7
57713.8 24293.3
42960.2 24383.4
40954.9 24499.6
39083 24612.7
41117.3 24741
40279.8 24927.7
43313.6 25055.1
44739 25202.7
41270.7 25322.1
44041.7 25421.5
46499.4 25493.1
37013.3 25657.1
34886.6 25807
40458.4 25997.6
37403.8 26144.8
44819.4 26324.9
41570.8 26484.6
54113.9 26571.2
53051.1 26669.2
36980.5 26749
36615.1 26862
36741.1 26926
35014.5 27010.8
40038.1 27126.7
33394.8 27211.9
28572 27273.4
32913 27373.9
28209.4 27451.9
29456.1 27572.4
28100.3 27665.3
33153.2 27766.7
34299.9 27848.2
29217.7 27981.1
35743.8 28162.1
36806.8 28339.9
28859.9 28431
25883.3 28533.2
26631.2 28698.5
26662.8 28811.7
25277.3 28961.9
28295.2 29067
25993.8 29231.5
36582.5 29401.2
26498.6 29555.4
26458.8 29672.9
20695.7 29775.9
20414.3 29957.3
20678.6 30095.5
20118.9 30193.8
22784.1 30312.6
26699.5 30416.7
20458.9 30542.5
21458.9 30720.8
21117.4 30777.6
25688.6 30886.4
18476 31023.6
18520.3 31147.9
17575.5 31212.6
16443 31343.2
16450.6 31500.6
17330.4 31690
17135.3 31853.8
15810 31974.9
16815.9 32041.3
14822.5 32195.8
17926.6 32324.2
19269.3 32429.7
15511.9 32540.2
14731.1 32660.8
14383 32835.6
14547.8 32936
14854.1 33070.2
15148.5 33183.3
14121.5 33298.1
12752.6 33389.6
17078.2 33504.6
14629.7 33673
12099.8 33798.7
11750.7 33925.3
15781.7 34043.8
14897.7 34171.6
14542.9 34353.6
12084.7 34480.9
11891.1 34559.1
12435.5 34649.8
10816.3 34721.7
10363.2 34869.9
15214.9 34939.6
10584.4 35067.4


New execution
Iterations: 300
nJoints: 5
Active Learning: 0
Cost Sensitive: 0
costCoef: 0
[EKF]
p: 10
q: 0.001
r: 0.1
[Error values] 

112287 228.073
130390 332.576
178800 436.745
155529 530.241
115092 695.815
232087 744.536
115246 906.676
140049 980.207
128535 1110.68
162435 1265.2
147481 1419.69
123060 1572.21
111661 1757.73
98792.4 1886.45
96731.2 1975.87
75188.5 2096.82
103187 2193.53
89269.7 2278.35
103480 2389.81
90304.8 2483.23
122988 2633.39
126234 2739.74
85299.2 2807.04
72408.1 2952.68
64106.7 3043.53
65975.1 3210.88
62021.3 3328.67
61559.4 3448.61
66229.6 3651.46
81040.2 3817.37
66247.9 3943.64
68569.2 4083.83
59587 4213.93
64288.3 4405.71
70391 4583.94
67942.3 4678.94
69997.8 4762.85
66919.6 4828.84
85725.9 5018.84
90894.2 5166.44
97201.4 5208.46
92556.3 5358.88
110869 5489.79
74716 5551.71
70615.9 5671.95
59354.7 5764.53
70517.2 5843.34
65500.6 5953.28
61814.2 6076.78
59112.3 6153.18
70914.1 6220.62
57173.5 6310.88
57184.9 6399.45
65726 6542.89
79118 6653.27
63106 6770.85
61919.8 6927.5
82165.6 7119.68
79241.3 7213.31
69048.4 7327.89
72612.6 7432.79
72023.6 7575.97
69543.7 7713.16
66702.3 7794.18
69234.1 7832.49
65630.9 7977.58
57049.2 8132.3
69404.5 8218.91
68485.9 8305.38
61825.3 8418.94
64949.7 8531.92
66769.1 8653.82
65087.5 8742.45
78923.1 8823.61
84744.7 8989.74
59150.5 9080.11
65638 9238.63
67098.1 9383.86
68730.1 9492.77
75772.7 9588.85
74794.5 9633.72
59431.7 9733.29
76503.2 9789.47
61718.4 9892.08
60161 10008.1
71096.9 10088.8
79787.2 10199.1
74079.5 10330.9
62049.6 10463.5
62654.9 10558
56696.1 10605.9
57970 10729.8
61738.6 10833.5
70588.4 10923.2
89526 11008.6
59210.2 11093.9
67720.5 11271.2
63522 11442.4
54455 11508.3
59308.9 11634.5
60281.7 11740.8
71335.2 11861.9
58175.6 11957
55872.4 12005.7
75938.9 12076
89508.6 12151.1
100813 12224.1
72561.6 12312.9
74045.7 12367
68013 12453.6
64050.2 12549.3
63947 12631.1
60847.2 12718.6
70507.4 12832.4
57877.6 13013.5
53610.4 13120.2
72058.6 13211.3
74677.7 13354.6
62731 13453.6
73602.5 13528.2
66860.4 13625.4
56874.7 13696.7
62939 13800.5
64393.7 13915.6
63264.4 13987
80321.7 14122.8
55374.7 14335.4
56499.4 14488.7
76651.2 14541.3
81732.3 14720
54282.3 14779.2
57181.8 14894.8
52048.8 14998.9
65668.9 15095.8
61040.7 15207.9
56798.9 15294.4
69092.3 15348.7
74001.9 15492.7
59783.6 15592.2
72301.5 15708.1
68471.9 15830.9
68953 15998.7
62562.6 16161.9
64465.1 16307.9
64634.9 16423.6
64105.3 16551.6
64720.5 16710.9
60617.4 16847.4
57390.1 16954.6
55459.3 17040.9
62497.2 17170.1
73715.6 17261.5
80838.3 17347.4
89530.4 17461.4
70074.6 17652.8
78684.4 17814.2
57580.6 17912.2
71337.3 18078.4
61829 18208.2
55288.7 18326.5
68257 18463.5
84034.4 18579.1
57601.4 18740.1
57445.5 18897.8
64176.1 18971.5
59999.1 19121.4
58859 19233.1
64311.1 19362.5
60766.3 19481.5
55279.5 19530.6
58342 19692.3
61513.8 19904.2
55809.3 19996.8
55677.4 20073.5
51857 20162.9
58783.6 20334.4
53090.3 20449.8
53918.2 20556
53813.3 20634.7
56674.7 20751
49261.1 20884.9
53635.2 21006.1
57191.3 21171.4
66178.3 21197.3
60094.5 21305.2
64027.3 21377.2
55154.2 21528.2
61755 21622.8
49593.2 21777.5
50415.6 21913
52235.7 22050.6
64281.2 22194.3
60199.6 22303.3
58175 22436.2
62847.5 22499.5
54297.6 22644.4
50619.5 22743.3
60337.8 22882.6
50745.5 22932.1
48310.4 23028.1
52952.3 23084.7
44885.5 23185.8
48670.1 23260.2
50459.1 23341.4
58794.8 23511.7
59173.7 23671
51389.4 23763.9
49707.7 23851.3
58164.8 23952.8
49495.8 24132.6
51248.4 24177.7
57713.8 24293.3
42960.2 24383.4
40954.9 24499.6
39083 24612.7
41117.3 24741
40279.8 24927.7
43313.6 25055.1
44739 25202.7
41270.7 25322.1
44041.7 25421.5
46499.4 25493.1
37013.3 25657.1
34886.6 25807
40458.4 25997.6
37403.8 26144.8
44819.4 26324.9
41570.8 26484.6
54113.9 26571.2
53051.1 26669.2
36980.5 26749
36615.1 26862
36741.1 26926
35014.5 27010.8
40038.1 27126.7
33394.8 27211.9
28572 27273.4
32913 27373.9
28209.4 27451.9
29456.1 27572.4
28100.3 27665.3
33153.2 27766.7
34299.9 27848.2
29217.7 27981.1
35743.8 28162.1
36806.8 28339.9
28859.9 28431
25883.3 28533.2
26631.2 28698.5
26662.8 28811.7
25277.3 28961.9
28295.2 29067
25993.8 29231.5
36582.5 29401.2
26498.6 29555.4
26458.8 29672.9
20695.7 29775.9
20414.3 29957.3
20678.6 30095.5
20118.9 30193.8
22784.1 30312.6
26699.5 30416.7
20458.9 30542.5
21458.9 30720.8
21117.4 30777.6
25688.6 30886.4
18476 31023.6
18520.3 31147.9
17575.5 31212.6
16443 31343.2
16450.6 31500.6
17330.4 31690
17135.3 31853.8
15810 31974.9
16815.9 32041.3
14822.5 32195.8
17926.6 32324.2
19269.3 32429.7
15511.9 32540.2
14731.1 32660.8
14383 32835.6
14547.8 32936
14854.1 33070.2
15148.5 33183.3
14121.5 33298.1
12752.6 33389.6
17078.2 33504.6
14629.7 33673
12099.8 33798.7
11750.7 33925.3
15781.7 34043.8
14897.7 34171.6
14542.9 34353.6
12084.7 34480.9
11891.1 34559.1
12435.5 34649.8
10816.3 34721.7
10363.2 34869.9
15214.9 34939.6
10584.4 35067.4


New execution
Iterations: 300
nJoints: 5
Active Learning: 1
Cost Sensitive: 0
costCoef: 0
[EKF]
p: 10
q: 0.001
r: 0.1
[Error values] 

112287 157.21
115732 348.097
126904 485.27
104309 607.496
95674.6 706.805
144078 777.649
92260.5 922.106
78336.6 1086.53
68427.4 1242.16
100382 1447.58
94323.3 1573.22
70863.2 1737.41
74296.3 1942.47
68217.7 2118.49
61606.2 2339.36
61464.2 2469.46
62117.2 2671.03
71494.4 2836.87
81386 2981.91
71838 3208.26
63787.3 3395.59
64025.6 3613.46
65469.7 3896.02
80688.5 4096.91
70511.4 4283.15
68410.1 4426.41
78806.1 4609.28
80486.8 4858.65
67012.2 5069.92
68499.3 5182.82
90059.2 5424.18
70840.1 5538.14
74761.3 5732.2
67515.8 5893.93
69817.8 6044.5
67104.7 6158.62
66724.2 6383.12
75276.9 6625.69
52980.1 6819.28
67084 7015.29
58317.9 7298.5
54318.7 7524.02
52121.3 7668.48
63114.9 7870.64
63095.4 8094.38
66120 8274.56
57797.5 8414.7
45000.1 8520.77
44296.4 8728.69
43186.6 8933.95
55796 9211.56
65912.6 9433.19
61334.9 9662.82
55193.6 9841.24
44472.3 9985.95
54630.7 10234.4
59336.6 10492.3
55492.5 10757.1
50189.8 10894.8
45923 11081.9
57200.7 11315.8
60655 11501
59982.1 11743.8
46990.3 11949.7
48031.8 12086.4
47204.5 12274.3
53090.3 12548.5
56015.8 12702.9
52738.6 12866.5
47084.1 13056
55673.5 13282.1
59548.4 13479.1
52261.1 13654.2
47989.1 13830.3
58226.1 14077.5
40238.3 14327.3
43163.3 14529.5
37729.9 14783.8
36550.5 14990
30677 15155.6
28141.5 15371.9
36426.1 15549.2
36696.6 15737
34219.9 15906.6
38052.4 16046.8
29647.9 16283.3
28851 16404.7
37885.9 16657.4
41650.5 16808.5
32216.3 16918
30115.5 17017.4
31667.9 17265
34131.9 17385.6
39501.5 17634.5
41395.6 17866.7
37625.6 18049.1
37821.6 18180.7
34322.5 18448.3
36467.6 18579.8
37290.8 18736.9
37752.6 18940
48450.3 19161
47111.3 19291.9
54192.9 19559.2
47372.3 19799.2
40336.1 20006.8
40292.3 20207.5
46029.1 20453.8
49438.2 20702
52937.6 20910.5
43078.2 21067.7
36992 21194.3
42607.2 21425.5
47041.2 21548.3
39312.2 21748.7
41021.7 21909.6
34623.1 22128.2
33787.7 22332.3
34416.2 22443.9
31912 22682
30182.9 22921.1
38063.3 23065
38570.8 23217.6
43583.2 23356.8
49335.7 23521.3
46230.6 23710.7
27752.8 23909.8
42256.3 24081.5
30272.1 24250.4
32661 24405.1
38737.5 24617.1
43170.3 24794.4
39543.4 24972
34725.8 25237.5
45515.4 25490.6
34483.4 25730.7
36073.4 25928.2
38002.9 26167.9
29410.4 26415.6
37546.7 26596.9
31201 26767
31149.4 26889.3
32515.2 27127.4
29233.6 27304.1
34913.2 27417.4
43430.4 27639.5
47100.9 27858.2
33157.8 28039.2
28467.6 28274.4
31546.4 28402.8
32448.7 28571.8
38510.2 28751.2
47981.1 28978.9
35637.2 29239.9
45588.6 29416.8
31392.1 29625.9
37790.5 29743.5
34023.2 30008.2
44250.3 30149.6
37196.1 30383.5
35645.1 30598
39976.9 30873.4
47316.4 31085.8
48719.5 31312.9
40020.5 31510.8
39442.8 31774.8
40420.4 31933.3
43843.5 32169.5
49374.9 32375.7
39216.3 32574.8
41481.3 32819.5
41678.1 33085.9
67719.5 33291
44721.9 33488.1
39739.2 33751
46892 34008.2
45153 34230.8
42080.7 34358.4
48239.1 34594.6
51389.1 34789.7
47813.9 34963.7
40358.5 35108.6
41425.1 35331.8
40316.6 35513.7
39817.4 35738.9
31368.6 35887.5
32456.3 36044.1
31580.3 36200.3
25710 36311.9
33507.4 36438.4
26236.2 36682.3
29046.2 36873.4
36163.8 37038.8
28692 37222.8
38869.3 37440.7
34868.8 37688.4
42671.7 37890.2
50960.7 38070.9
45114.5 38199
47299.1 38426.2
43393.2 38561.6
37369.3 38802.8
36251.1 39007.9
55847.5 39124.7
39986.6 39301.3
43960.9 39470.9
38394.1 39607.7
35916.9 39734.4
41209.5 40000.5
49518.5 40207.6
42628 40459.5
48224.5 40610.1
50666.6 40780.8
35170.3 40949.5
30713.9 41148.6
38074.2 41308.7
33011.3 41516.4
37753.4 41756.5
34073 41903.4
38146.4 42092.8
42214.3 42248
38514.8 42448.3
44139.9 42585.7
49976.7 42789.2
26288.4 42993.3
29562.1 43217.9
25409 43397.4
30963.8 43519.3
38096.7 43700.6
32557.5 43897
37091.9 44155.1
39239.3 44272.6
43531.9 44464
43567.7 44622.7
34140.4 44837
39564.7 45045.4
33813.6 45214.7
35229.1 45376.6
44705.9 45593.4
44060 45798
31164.9 46011.4
28604.3 46234
29466.6 46356.9
31227.6 46601.7
31921.5 46724.1
37586.5 46843.6
46076.3 47000.7
39179.2 47208
40324.9 47419.4
41376 47557.7
37298.4 47772.9
28552.6 47982.7
33203.4 48201.6
38842.6 48457.9
42232.5 48589.8
40978.3 48772
46373 48937.3
34608.6 49092.5
37666 49348.4
47499.7 49573.1
49161.8 49799.8
48771.2 50083
42048.6 50215.5
47465.9 50369.8
50088.5 50575.6
42096.3 50799.8
34380.2 50982.6
39559.9 51182.8
39063.5 51338.6
38846.6 51478.1
38277.5 51712.2
44070.8 51943.7
46141.2 52184
37840.6 52409.3
42084.5 52626.3
47391.7 52840.4
45103.4 53047.8
43402.5 53212.3
47512.6 53356.9
46999.6 53547.4
51849.7 53776.6
60506.9 53969.6
62268 54198.3
60432.2 54370.7
45836 54572.4
44372.4 54763.7
47227.5 54913
48386.8 55094.3
51655 55361.9
51028.5 55505
50924.3 55767.7
47749.9 55896.8
49298.7 56092.6
46693.7 56289.7
55952.7 56507.1
51610.1 56762.3
32514.2 56933.4
33600 57070.7
32686.2 57197.5
32120.6 57390.5


New execution
Iterations: 300
nJoints: 5
Active Learning: 1
Cost Sensitive: 0
costCoef: 0
[EKF]
p: 10
q: 0.001
r: 0.1
[Error values] 

114522 172.942
104204 380.321
142132 499.318
89698.2 638.502
71695.9 774.041
86441.8 912.692
141780 1079.06
184143 1297.76
131944 1449.34
143942 1628.21
118823 1763.79
89005.5 1948.62
103309 2056.35
74172.9 2286.85
68761.6 2425.78
64659.7 2638.92
75965.2 2839.9
71873.3 3040.23
70646.8 3229.21
69326.6 3434.47
58296.8 3592.42
56977 3816.29
63827.1 4036.42
63389 4268.58
60159.5 4455.92
52219.5 4707.79
55745.8 4884.4
53961.1 5057.22
58282.2 5230.62
67536 5421.5
53946.6 5666.42
48507.2 5872.66
60725.9 6055.24
54080.9 6225.07
57761.5 6437.39
63501.7 6651.33
58960.2 6856.36
53234.9 7099.15
49399.6 7226.1
49825.1 7383.64
53520.7 7598.52
58386.7 7844.94
50344.3 8050.8
50963.9 8230.79
45453.8 8341.27
42808.2 8534.74
36692.7 8678.24
57648.5 8852.82
51106 9098.32
65191.6 9207.72
47978.8 9407.85
45317.6 9593.04
60709.7 9805.03
55195 10001.4
51071.4 10132.9
54577.7 10334.4
58419.8 10548.4
54559.7 10817.5
55889.6 11002
49922.9 11227.2
57009.2 11412
51940.1 11659
56020.2 11882.7
58397.3 12092.9
54188.9 12360.5
53688.7 12624
41501.5 12755.2
55412.9 12982
45555.6 13120.9
59418.7 13313.8
52792.3 13434.3
63301.5 13666.6
57797.7 13885.6
44031.5 14062.2
53032.3 14198.3
44796.8 14367.6
48867.4 14508.8
40554.2 14702.5
58022.2 14899.4
59127.7 15119.7
53925.7 15248.5
48093.9 15430.4
57807.4 15629.5
56960.2 15809.7
57975.4 15926.7
45413.9 16147.1
51795.7 16269.4
52848.3 16544.9
53359.6 16685.7
47028.6 16911.6
47253 17124.8
45323.1 17381.5
44865.4 17639.1
63282.5 17903.7
59059.5 18111.8
52436.6 18253.6
52933.2 18433
52726.2 18625.3
55437.8 18849.9
56696.9 19001.8
52632.5 19204.8
41462.2 19338.1
43324.3 19554.5
42137.8 19679.6
49958.5 19925.5
43473.1 20067.2
64450.9 20275.4
56159.5 20463.8
50552.3 20710.3
50283.4 20935.3
49313.6 21120.3
52849.3 21353.5
40775.8 21575.8
40447.4 21739
45919.5 21945.7
56032.1 22183.4
53860 22449.6
41552.4 22668.3
43897.9 22885.1
48596.8 23163.1
47967.8 23413.1
48784.1 23682.1
58803.9 23907.2
43649.4 24079.6
35847.1 24293.5
38586.3 24494.9
40169.7 24611
53552.4 24845.7
41901 25038.8
35914.2 25188.7
39463.7 25362.2
46897 25593.1
35271.3 25785.4
33624.5 25989.3
31719.1 26085.3
39707.1 26328.8
37269.6 26447.2
43527.3 26652.9
51883.3 26785.6
53559.7 26927.7
51515.6 27119.4
44088.7 27335.3
46893.9 27550.2
51688 27691.9
46686.5 27902.3
34581.8 28138.6
37396.2 28290.6
42633.6 28553.2
51278.6 28835.3
56163.1 29091
46608.7 29280.4
44026.4 29532.5
48461 29741
36920.5 29892.1
38446.8 30057.1
41339.9 30303
43854.6 30520.4
51672 30673.4
32480.8 30932.2
39341.6 31114.7
39963.3 31329.9
39180.2 31598.9
43105.7 31776.7
39704.5 31990.6
37939.8 32212.7
39541.1 32413.4
48895.6 32639.8
55186.6 32774.3
44329.6 33006.1
40458.5 33133.7
44296 33394.4
50681.1 33664.3
46326 33906.1
46192.4 34165
42397.3 34362.5
42729.9 34527.3
52398 34745.5
45488.8 34917
43070.8 35081
35296.8 35177.8
36738.5 35354
36412.1 35560.3
32235.3 35728.3
30958.1 35958.2
38141.7 36120.4
39053.5 36323.1
46202.1 36551
48321.2 36685.1
41827.7 36911
38097 37136
44538 37251.5
38576.7 37430.8
48670.7 37695.6
42453.2 37899.8
39997.9 38092.8
42532.4 38291.6
44702.4 38440.3
46085.3 38675.4
40907.2 38920.7
43035.2 39180.9
41617.5 39368.1
41550.8 39554.5
53335.4 39779.9
46823.7 39997.6
41280 40236.9
46181.6 40401.7
32783.8 40550.1
37306.3 40744.9
43793.6 40873.3
42219.8 41079.9
42261.6 41222
34361.1 41331.2
34524 41569.7
27510.7 41762.3
27570.7 41979.9
27909.3 42173.7
25095.6 42373.7
41371.6 42570.3
30983.5 42701.2
33321.9 42847.9
27945.5 43112.9
33636.2 43221.5
42229.2 43494.8
52205.3 43691.4
37980.7 43952
36901.2 44075.2
38234.5 44316
44302.9 44456.1
35218.4 44710.3
35996.4 44835.1
44083.6 45034.3
48056.9 45179.5
45046.9 45319.5
45578 45476.1
45498.7 45710.8
50935.4 45971.3
44447.6 46230.7
43853.3 46417.2
43068.1 46586.3
45724.4 46792.6
37495.6 47070.2
34374 47307.3
39437.5 47464.9
46195 47752.8
48356.2 47881.4
44301.9 48064.2
42564.6 48185.4
47456.9 48393.2
47903.9 48592.4
45637.8 48841.5
44795.3 48988.5
45537.3 49179.5
51694.4 49456.2
44228.9 49615.3
44997.8 49744.5
45093.2 49953.4
46010.9 50209.5
44244.1 50373.3
49325.9 50595.4
36857.9 50782.4
41046.6 50972.6
26890.8 51074.3
30470.6 51319.3
34508.5 51443.9
33452.6 51646.8
28758.3 51819.3
37176.2 52013.5
44183.7 52291.1
46775.7 52421
39036.4 52640.1
37737.6 52790.8
43621.2 53006.1
47142.7 53230
45892.6 53438.9
43282.3 53589.4
45526.2 53815.9
48163.6 53978.7
49112.7 54117.2
44370.9 54272.2
45258.8 54488.2
49772.3 54612.2
45908 54806.5
41418.3 55019.1
38877.1 55240.1
34655.9 55348.3
36510.9 55512.9
34965.5 55621.7
36642.4 55898.5
28528.3 56101.1
32726.2 56310
28527.9 56557.3
30510.2 56734.7
39106.5 56933.9
51904.3 57090.6
30995.1 57277.1
33191.8 57467.2
43216 57598.8
34255.8 57764.9
40071.5 57947.9
40462 58041.8


New execution
Iterations: 300
nJoints: 5
Active Learning: 1
Cost Sensitive: 0
costCoef: 0
[EKF]
p: 10
q: 0.001
r: 0.1
[Error values] 

114522 172.942
104204 393.558
142142 516.789
89484.1 628.554
71572.7 769.655
87611.9 923.031
141476 1079.24
181875 1297.98
131645 1457.06
142383 1592.03
128125 1792.49
131000 1937.21
65463.1 2059.73
81638.7 2328.69
69391.5 2595.66
76545.2 2857.17
75494.1 3042.28
78391.4 3301.22
75828.9 3501.83
76562.9 3650.41
67105.3 3918.97
67518.3 4166.75
55702.2 4267.13
66423.4 4473.26
64894.8 4682.58
58761.1 4858.13
62731.5 5077.96
57072.6 5222.04
53177.7 5439.48
55372.8 5704.66
56383.5 5946.11
60379.1 6169.7
60085.7 6390.34
66148.3 6610.73
63397.1 6873.25
59972.3 7014.73
60666.4 7130.69
53354 7325.18
55507.7 7559.21
54279.4 7815.24
54160.6 8014.7
59864.4 8217.81
58919.1 8477.04
60752.8 8646.9
51760.8 8865.09
54161.7 9147.58
53548.1 9405.32
55571.2 9585.74
55700.6 9765.17
51172 10034.8
54040.9 10249.2
62661.8 10441.4
58351.7 10700.8
45790.2 10931.6
51639.5 11148.5
54563.5 11364.8
52071.9 11564.1
51485.9 11815.8
52796.2 12091.9
55357.7 12292.7
59661.4 12507.3
56870.1 12734.9
51929.9 12988.2
57384.8 13191.4
48800.1 13366.3
54022.3 13487.1
57230.4 13745.2
50873.7 13897.6
46067.2 14128.9
50137.6 14379
49918.9 14574.3
54745.4 14780.1
50116.2 15009.5
43228.7 15190.3
44489.1 15424.4
45702.9 15639.5
47447 15826.8
43770.5 16044.9
44645.5 16234.6
65218.9 16485.2
53054.5 16606
53889.4 16765
48025.3 16919.8
43187.1 17041.1
45090.6 17308.2
50082.6 17521.4
44888.2 17802.1
50256.2 18020
50416.3 18226.4
53975.3 18425.5
45638.9 18630.7
43717.4 18860.8
51150.9 19087.6
47868.2 19253.6
57853.3 19437.3
48625.2 19555.7
48348.2 19783.1
48671.1 20044.9
48515.4 20256.4
47066.6 20456.5
44246.3 20618.1
40013.7 20768.3
43147 20929.7
40181.6 21185.1
42050.2 21459.1
41402.3 21690.3
44985.8 21934.7
43989.1 22159.4
55650.4 22354.5
47548.6 22563.2
37414.1 22737.7
47589.1 22849.6
46815.5 22989
55060.6 23216.1
47478 23460.8
49065.2 23671.4
43869.5 23930.9
42589 24138.9
51743.9 24409.1
53290.4 24649
49986.5 24907.6
44912.9 25136.4
53656 25378.2
49058.1 25605.1
45776.3 25845.6
46713.1 26026.1
43561.8 26134
43898.7 26318.4
39677 26515.3
41480.6 26705.1
44106.6 26828.1
60672.8 26989.8
56292.5 27223.3
49794.8 27344.1
51250.5 27442.6
40681.4 27668
39743.4 27817.1
47113.7 27962
43761.7 28115.7
41983.9 28270.9
48965.5 28483.4
46369.5 28620.2
44150.5 28798.3
49291.3 29018.1
49124 29165.8
41009.3 29367.9
39883.5 29546.3
47497.9 29715.8
41130.2 29872.2
41239.9 30060.9
41544.7 30285.5
45702 30459.9
45674.2 30704.3
41031.5 30907.8
43729.9 31049.1
44094.3 31226.5
54423.5 31402.3
51951.3 31586.8
42979.7 31730.4
50992.2 31949.2
51478.9 32171.1
46708.3 32313.2
44124.5 32517
55601.2 32735.6
50651.9 32988
52079.5 33180.3
51545.7 33303.1
52283.3 33511.7
44070.6 33645.2
41767.4 33779.7
40589.8 34010.2
45082.2 34233.1
51395.6 34522.1
52284.5 34712.8
56675.1 34922.3
43202 35046
41847.8 35274.6
46248.5 35496.7
46411.4 35677.7
47225.1 35858.3
41166.6 36054.9
57169.1 36278.2
43674.7 36515.8
48496 36679.3
51188.5 36831.4
54459.4 37007.3
47563.5 37165.1
41826.3 37390.8
42753.4 37657.2
40504.1 37840.5
46722.6 38001.6
44682.6 38163.4
44781.6 38422.2
40859.1 38602.8
45446.2 38778.9
45376.6 38907.2
50904.6 39125.1
50268.6 39377.9
38550.8 39540.9
44785.7 39806.5
51014.6 39944.5
47406.2 40231.7
41839.4 40438.7
39917.7 40684.7
40352.1 40907.8
49251.1 41156.5
54892.7 41360.1
55567.2 41533.1
45974 41770.3
41762.9 41981
43856.3 42194.7
31775.9 42311.8
37252.5 42527.3
37500.6 42748.2
39072.9 42942.7
41077.8 43187.3
41105.8 43327.3
40963.2 43522.7
45709.2 43678.2
50958.7 43919.2
49468.7 44140.1
42528 44263.4
43471.7 44455.1
40863.5 44625.9
35438 44852.8
42481.4 45057.6
40750.4 45342
34390.2 45536.7
62188.1 45744.6
60633.8 46007
44991.8 46166.2
47594.6 46328.4
36929.4 46545.7
38099.9 46666.8
47946.5 46947.7
47034.5 47193.5
46817.4 47380.9
44289.2 47552.9
42670.8 47702.2
40507 47907.4
45216.5 48150.7
45253 48350.6
44306.6 48522.2
45488.5 48735
40427.2 48853.7
40503.4 48975.3
44775.8 49190.1
52621 49387.3
39949.1 49483.6
47044.9 49718.1
42888.6 49843.3
55603.8 49996.2
37345 50202
40186.6 50389.7
38776 50584.7
28598 50690
32749 50854.7
30669.9 51075.4
31969.1 51287.7
48781 51471.1
43937.5 51611.1
31683.3 51798.4
36253.5 51969.7
48074.8 52210.7
40760.5 52335.8
38690.7 52529.7
39402.1 52765.8
38117.8 52931.3
55839.8 53179.1
46915.5 53389.9
41766.4 53660.3
34027.4 53923.6
42745 54186.7
41932 54405.6
52663.4 54547.7
42823.8 54756.1
43481.4 55038.4
38796.3 55258.3
42729.4 55479.3
47773.5 55676.1
46207.5 55873.3
50659.5 56002
47794.6 56195.7
39230 56386
35876.5 56598.3
46483.3 56833.7
43466.8 57028.9
51335.3 57227.6
38027.9 57434.4
38076.7 57650.3
41229 57903.3
38295.1 58066
39792 58202.6
45002.1 58440.1
51027.9 58548.7
54279.5 58763
45940.8 59001.3
42539.5 59250
36792.7 59446.2
32803.2 59665.4


New execution
Iterations: 300
nJoints: 5
Active Learning: 1
Cost Sensitive: 0
costCoef: 0
[EKF]
p: 10
q: 0.001
r: 0.1
[Error values] 

108997 153.588
123353 330.287
126816 483.506
95853.7 633.867
92346.9 831.845
121435 1010.38
83575.4 1165.3
85593.7 1343.99
123097 1546.66
92263.8 1736.63
103348 1875.23
105574 2089.38
99743 2297.26
89927.5 2558
118581 2789.51
103191 2955.9
64696.8 3111.91
62762.6 3258.83
65951.2 3455.17
63208.3 3603.01
74686 3785.02
57893.3 4021.55
64839.2 4269.5
67878.7 4511.92
65629.1 4669.56
50913.7 4881.6
70068.5 5148.45
65902.9 5376.72
58227.8 5537.01
48904.1 5778.3
59659.3 5934
49132.9 6045.54
57529.9 6266.64
43155.9 6479.87
51997.1 6761.05
48331.6 6931.56
55856.3 7134.39
49853.5 7283.33
50051.5 7504.2
38641.2 7657.52
44265.4 7871.48
24476.5 8092.57
30649.5 8257.59
43583.3 8392.12
36500.3 8582.19
35720.9 8817.62
30659.9 8958.54
36974.4 9118.41
33301.7 9265.64
46675.6 9478.18
30203.1 9691.21
31233.8 9885.76
19122.1 10084
26238.3 10230.3
29543 10426.5
13043.1 10559.2
23055.4 10790.9
31241.9 10899.2
24169.9 11111.1
26134.9 11266.5
27325 11438.8
37769.2 11602.9
14297.4 11807.4
14419 11958.5
20685.4 12204.6
32720.2 12321.1
16300.1 12515.9
19949.5 12697.9
30618 12819.3
12993.9 12991.4
26251.9 13221.1
12411.6 13431.9
17876.7 13622
26393.1 13784.1
21984 13997
11736.4 14124.5
15233 14332.4
12276.8 14541.8
18618.5 14695.1
14425.6 14821.9
13420.9 14981.5
17894.4 15144.2
14222.9 15272
22549.5 15504.6
30883.6 15598.8
13187.1 15740.5
12231.6 15938
13982.5 16061.9
11279.4 16250.4
14752.3 16482.9
18276.7 16594.4
9426.44 16726.1
13597.5 16949.5
21302.3 17167.1
11967.9 17297.9
10050.7 17431.9
11792 17694.3
14751.4 17840.9
10384.9 17982.9
12643.4 18232.4
14268.5 18349.1
11259.7 18600.9
16016.4 18821.4
18831.2 18997.1
9865.21 19136.7
12649.5 19358.3
9253.17 19516.3
11215 19634.4
10524.3 19769.1
10292.4 19938.6
11891.7 20152.7
12993.1 20293.5
9205.24 20491.5
10224.8 20616.3
9341.84 20776.7
9991.98 20947.7
10686.8 21111.7
13223.7 21279.7
15044.8 21495.9
11675.1 21682.4
9505.05 21926
9215.05 22073.9
7323.96 22213.6
7632.76 22381.2
7633.55 22612.5
10548.8 22829.9
12971.7 23005.4
9021.24 23220.1
8932.17 23367.7
11315.5 23545.8
8898.6 23684
8740.2 23915.7
11793.9 24076.1
11621.6 24281.3
9394.6 24400.9
11222.3 24616.4
8657.08 24833.7
9435.73 25008.7
8855.8 25150.3
9958.2 25330.2
9845.98 25468.6
10054.8 25643.2
10372.8 25913.1
9484.91 26068.1
9791.26 26247.8
10383.3 26463.5
9176.01 26759.7
11133.4 26973.6
9594.18 27179.3
9871.73 27327.9
10742.1 27529
9704.36 27680.4
10041.1 27869
9267.55 28012.7
9157.21 28192.2
10324.1 28408.8
9779.92 28519
8736.01 28690.2
9309.68 28854.8
9706.91 28996.3
8004.8 29168.2
7644.58 29304
10538.8 29549.5
7306.3 29710.1
8842.44 29864.9
7441.04 30062.9
7754.01 30264.4
7228.26 30429.8
9210.2 30593.7
8987.83 30827.1
9490.2 31085.5
9770.22 31320.3
9630.25 31421.3
8432.57 31581.7
9254.44 31760
8336.49 31909.9
9222.81 32040.1
9298 32184
8309.59 32339.3
6806.66 32561.1
8473.99 32668.5
8817.7 32817.7
7183.72 33005.2
6555.53 33155.3
7496.85 33345
9097.72 33517.4
8883.43 33665
9331.58 33880.9
9426.04 34065.5
8865.65 34221.4
8946.36 34346.3
9451.59 34495.1
8929.03 34685.8
9586.6 34833.8
9454.47 35026.9
9446.63 35299.3
9327.06 35447
9000.51 35587.8
9251.09 35779.3
9650.1 35929.7
9897.71 36059.5
9383.21 36243.8
9359.33 36405.2
9571.6 36591.4
9115.71 36748.1
9139 36942.2
9095.72 37213.5
9563.84 37446.6
9576.22 37547.4
9377.86 37680.4
9442.15 37865.3
9129.84 38020
9255.14 38178.6
9502.02 38340.8
9355.45 38568.2
9397.42 38687.4
9275.78 38891
9460.2 39061
9335.88 39286.6
9519.54 39478.4
9228.13 39713.6
9205.54 39926.1
9292.71 40148.2
9356.78 40346.4
9282.47 40505.1
9332.12 40628.4
9320.27 40829.9
9359.96 41030.8
9322.96 41224.2
9376.67 41383.5
9338.53 41495.3
9246.49 41664.7
9397.77 41888.7
9322.05 42111.5
9238.49 42227.6
9288.39 42429.6
9301.86 42578.2
9318.56 42747.8
9392.28 42907.9
9369 43113.4
9352.98 43311.6
9290.03 43473.4
9244.05 43604.8
9336.2 43752.6
9261.06 43923.1
9352.63 44132.2
9384.42 44324.8
9413.82 44542.8
9427.03 44657.1
9369.37 44790
9386.45 44957
9367.01 45118.2
9306.62 45248.5
9273.59 45506.1
9353.02 45648.5
7530.55 45883
5357.52 46113.7
7156.1 46242
6439.32 46448.8
7990.84 46577.1
8692.03 46712.4
8864.81 46917.3
9700.92 47149.7
10053.7 47356
10090.2 47578.3
10427 47809.2
9239.22 48022.4
9073.51 48135.8
8919.62 48261.2
9058.57 48509.7
9417.63 48633.6
9417.5 48770.1
9533.32 48921.1
9601.96 49136.1
9328.22 49272.4
9380.9 49541.5
9457.73 49714.9
9326.23 49929.7
9207.09 50134.1
9465.24 50280.5
9217.35 50486.7
9334.59 50671.9
9311.26 50875.3
9199.39 51110.4
9232.95 51319.9
9432.79 51454.2
9321.6 51637
9271.25 51857.3
9368.84 52069.5
9266.12 52197.2
9282.18 52349.7
9360.08 52498.2
9357.11 52671.5
9379.75 52805.1
9304.81 53015.5
9207.54 53202.1
9297.63 53351.5
9348.57 53484.8
9331.11 53683.2
9428.12 53926.4


New execution
Iterations: 300
nJoints: 5
Active Learning: 1
Cost Sensitive: 0
costCoef: 0
[EKF]
p: 10
q: 0.001
r: 0.1
[Error values] 

111244 153.067
118766 332.031
126735 488.206
107608 619.195
100317 814.613
184335 1056.27
117656 1171.21
114600 1389.65
112086 1560.87
105291 1687.68
108053 1802.43
96894.6 2003.94
81459.9 2172.79
102435 2399.33
110987 2580.22
106838 2750.64
84831.1 2855.25
87937.6 3040.31
84346.4 3123.21
97639.8 3294
77661.3 3478.93
86270.7 3712.42
92125.2 3838.58
77446.7 4035.4
70546.6 4274.34
80513.4 4419.78
70969.9 4581.59
76858.2 4698
82956.7 4907.27
81793.3 5133.53
83995.8 5282.48
78634.9 5565.66
76027.4 5680.48
83784.8 5879.34
93696 6089.71
62800.5 6304.91
71229.7 6573.08
64903.3 6783.08
71719.1 7007.67
73316.7 7199.76
80634.1 7482.41
62268.4 7747.78
63779 7838.32
58983.6 8021.63
50246.2 8214.74
60988.3 8392.25
45275.8 8658.2
49228.4 8878.4
41769.4 9161.38
50442.1 9308.1
59857.9 9451.51
32107 9562.42
32012.4 9751.43
32938.9 9875.01
27318 10068
39596.5 10269.4
30426.4 10396.1
30746.8 10513.3
38667.4 10722.4
42871 10869.4
35590.3 11084.5
26407.3 11218.3
18202.4 11459.3
18486 11686.8
15429.1 11837.9
21734.4 12041.1
28342.2 12202.4
30311 12434.6
23754.8 12642.4
33213 12881.9
25722.9 13093.5
23748.7 13272.7
30540.3 13505.1
31935.8 13753
12359.8 13896.3
15452.8 14135.8
10948.1 14363.4
13098.9 14610.2
12742 14842.1
16437.8 14948.2
12281.1 15149.3
13959.2 15345.1
13326.9 15563.4
11434.7 15790.9
12372.6 16036.5
11879.6 16247
17152.1 16468.9
12659.2 16636.1
18267.2 16809.8
18908.7 17018.7
12912.4 17241.8
14823 17416.9
17861.2 17623.8
8346.62 17836.4
10818.5 18020.2
10280.7 18170.3
13384.4 18386.5
13571.6 18590.7
19055.4 18780.9
16747.6 18993.6
18423.4 19128.7
10760.3 19280.4
11875.5 19487
11344.8 19612.8
9111.72 19791
13642.8 19959.5
7196.93 20165.9
7259.69 20381.6
7155.53 20581.2
8462.08 20773
8711.11 20980.4
10254.4 21202.7
9680.35 21430.9
8914.21 21680.9
10516.1 21793.7
8564.96 21971.1
6587.74 22134.5
8499.55 22320.6
7131.07 22525.3
8848.56 22719.3
9031.48 22874
10072.1 23100.6
9044.14 23288.7
9437.71 23486.4
11311.7 23695.6
9849.67 23890.8
12413 24096.5
9609.6 24312.3
9922.54 24520.2
9971.56 24683
8330.21 24884.4
9372.18 25038.5
7814.54 25234.3
10558.5 25448.3
8938.43 25607.8
9227.59 25801.5
9999.99 26012.7
10000.4 26216.8
8031.22 26430.7
7618.03 26599.7
7236.25 26811.7
7743.25 27056.4
7383.6 27244.7
6970.38 27383.5
8836.83 27612
8737.02 27773
7984.56 27962.7
8424.72 28178.9
8769.06 28407.3
8794.77 28627.1
9755.06 28800.1
9227.53 28956.8
9580.54 29175.8
9066.39 29406.9
8065.21 29572.2
7734.12 29778.1
8470.72 29997.9
8673.38 30210.9
8542.51 30441.8
9240.43 30594.5
8952.72 30767
8289.74 30952.7
8071.18 31142.3
9364.95 31355.9
9203.62 31593.3
9303.41 31816.8
9800.08 32022.4
9352.71 32219.2
9029.84 32409
8204.2 32563.2
9137 32782.8
9069.21 32968
9821.66 33201
9294.84 33412.6
9481.2 33622.3
9258.8 33765.6
9285.38 33932
8667.92 34059.3
8763.73 34233.2
9515.04 34472.6
9171.36 34607.1
9226.39 34786.6
9386.09 34963.9
8751.34 35140.8
8595.13 35348.2
9236.78 35598.9
9494.63 35817.7
9473.53 35974.8
9144.97 36135.6
9574.37 36375.8
9244.69 36581.3
9118.04 36714.6
8762.71 36922.7
9458.66 37104.3
9288.02 37312
9250.28 37544.5
9109.68 37766.2
9240.62 37999.1
9139.54 38236.3
8911.98 38413.7
8891.82 38621.1
9106.46 38843
9111.43 39081.7
9031.19 39260.4
9041.86 39401.4
9163.11 39608.2
9081.13 39840.6
9093.97 40045.9
9216.54 40261.7
9249 40447.1
9147.3 40620.9
9230.12 40789
8986.78 40913.4
9326.77 41106.7
9149.31 41343.2
9376.93 41576.3
9181.51 41784.7
9255.38 41982.1
9206.88 42167.8
9066.06 42332.3
9363.48 42554.1
9295.39 42787.5
9191.94 43026.2
9258.84 43231.5
9212.98 43457.7
7341.75 43696.7
7745.68 43842.1
6140.3 43970.8
6358.68 44156.8
6935.73 44300.5
10384.6 44492.6
9469.23 44700.4
9037.37 44892.8
9456.02 45111.8
8504.64 45230.2
8839.14 45376.7
8823.44 45598.3
9031.19 45818.9
9358.61 46049.7
9548.88 46191.7
8675.07 46379.8
9497.26 46648.3
10849.1 46881.9
9887.59 47097.4
9605.77 47270.8
9485.23 47448.6
9444.01 47609.3
9535.5 47804
8889.22 48006.8
9494.04 48225.8
9454.62 48433.8
10015.3 48624.2
9840.3 48781.5
9299.05 48974.3
9151.46 49149.2
9711.29 49350
9188.73 49478.9
9528.05 49686.6
9415 49804.5
9329.62 49961.2
9273.28 50164.9
9769.99 50398.9
9688.2 50615.1
9720.14 50848.4
9464.67 51059.8
9456.51 51267.5
9352.04 51405.1
9353.86 51610.5
9383.86 51796.4
9327.68 51980.4
9292.42 52139.9
9422.49 52327.7
9067.39 52526
9237.89 52732.5
9546.73 52939
8970.21 53139.7
9302.51 53318
9405.53 53524.5
9058.55 53745
9272.72 53942.5
9504.48 54126.8
9179.39 54292.3
9160.62 54465.4
9272.88 54688.8
9415.07 54892.1
9342.67 55057.2
9489.81 55271.6
9617.85 55483.2
9288.69 55716.3
9269.93 55899.8
9239.69 56067.5
9204.32 56197.1
9266.78 56368.5
9281.62 56541.9
9299.1 56750.6
9348.92 56914.2
9324.6 57060.1
9281.61 57276.8
9380.81 57482.3
9153.84 57700.6


New execution
Iterations: 300
nJoints: 5
Active Learning: 1
Cost Sensitive: 0
costCoef: 0
[EKF]
p: 10
q: 0.001
r: 0.1
[Error values] 

114522 148.534
104202 353.926
142130 469.86
89733.4 582.161
71718.8 721.863
86231 861.064
141874 1013.97
184347 1232.83
133354 1381.94
148309 1531.94
124341 1674.01
89659.9 1870.55
93390.9 1976.85
111422 2131.93
92968.8 2296.02
63411.9 2494.37
79054.1 2761.46
73433.7 2932.15
79324.9 3095.21
63172.9 3307.33
54770.2 3503.15
61749.9 3746.98
71367.8 3926.06
59519.4 4140.55
65416.4 4344.99
60929.6 4529.43
51393 4691.35
61288.5 4918.87
60489.7 5092.8
48441.6 5304.44
49514.1 5509.35
47406.8 5636.97
60821.4 5848.7
55637.2 6073
57269.5 6321.78
60642.9 6461.31
43562.8 6702.06
48648.5 6967.23
53426.1 7188.65
46608.4 7373.78
48537.4 7512.89
53301.5 7676.81
45625.2 7882.72
48218.2 8061.28
47855.9 8240.05
41307.2 8402.79
40631.2 8658.73
44082.4 8868.63
51649 9000.81
48964.3 9115.51
48538.9 9315.09
46503.9 9533.2
48406.6 9689.19
51508.6 9872.01
62682.1 10121.2
62112.1 10342.4
53913.6 10505.4
59802.6 10732
58483.8 10846.9
51937.6 11004.4
40942 11201.5
46718.7 11389.1
61964.1 11602.3
57064.6 11801.7
63081.3 12010.1
43493.1 12253.8
45991.8 12467.8
47009.6 12699.4
46984.1 12909.4
46327.7 13076.3
53603.6 13323.7
42020.4 13506.7
47429.1 13763.3
50221 13998.3
50482.9 14161.6
48961.8 14367.3
48677.3 14517.7
43691.3 14665.1
48842.6 14913.9
39051.7 15150.7
39396.3 15428.4
43231.1 15568.4
38370.7 15781.2
46034.7 15914.5
50397.3 16136.1
62038.5 16401.9
54749.1 16633.6
43400.5 16819.2
47490 16964.5
52587.7 17146.2
53344.9 17269.6
62064 17490.3
58727.2 17669.3
64386.6 17778.4
46248.4 17938.6
49153 18173.4
35495 18442.4
38448.1 18651.6
38427.9 18774.5
39838 18980.2
48198 19179.5
43186.8 19361.8
42318.5 19529.3
38794.8 19728.1
42785.4 19990.4
42247.4 20117.9
45155.6 20353
50083.5 20628.1
54806.6 20770.9
47127.8 21022.8
49450.7 21154.3
43725.1 21396.4
50846.5 21617
49626.5 21784.1
38613.6 21874.5
40504.4 22068.5
31625.1 22291.7
32781.7 22465.7
33988 22671
36186.8 22826.7
50406.4 23049.6
34007.5 23219.6
36842.3 23504.7
40254.2 23635.8
39635 23859.1
51185.9 24089.5
46144.1 24336.7
37478.1 24477.5
40623.3 24606.2
40440.8 24823.5
47539.8 24939.7
41650 25180.3
42270.5 25329.9
44406 25530.7
50741.9 25667.9
50705.1 25851.9
42667.3 26097.2
42872.6 26178.6
45116.8 26418
40980.8 26557.1
40678.5 26773.5
52523.5 26973.5
54342.2 27130.2
40065.9 27371.9
43782.6 27639.7
51364.3 27856.6
45359.5 27993.2
50176.2 28127.2
47357.9 28291.5
48149.1 28503.1
38719.1 28662.5
43059.2 28820.5
35895.8 29001.4
48844.1 29133.5
37552 29257.7
49052.7 29413.2
28732.3 29622.3
31829.7 29741.8
43662.5 29925.6
37857.9 30134.6
37115.8 30375.7
44934.9 30586.3
51074.3 30834.7
48865.5 31052.7
40305.4 31335.2
36665.1 31467.1
41783.3 31722.9
49648.1 31989.5
48996.6 32221.7
34345.2 32367.8
35707.9 32550.6
36793.8 32711.2
38118.6 32867.4
49325.5 33103.8
48085.1 33324.8
45452.1 33456.5
56748 33704.6
45490.8 33911.2
40181.2 34061.1
37896.2 34289.5
41417.5 34494.6
46299.4 34623.8
42051 34846
40126.4 35008.1
45031.8 35227.2
52165.9 35367
51303.8 35587.1
47408.1 35818.4
47696.6 35999.4
45066.4 36163
47485.3 36334.9
32259.4 36584.7
31121.2 36678
36022.9 36819.2
38884.5 37007.6
48352.5 37166.4
36322.2 37381.1
43143.5 37510.2
31924.6 37744.3
35287.3 37872.5
36605.7 38004.8
31394.9 38163.9
40780.3 38365.8
43373.9 38583
41553.4 38765.2
49930.8 38951.3
43153.4 39100.7
41852.3 39321.2
45620.7 39549.2
52680.9 39789.8
53490.6 40019.8
36978.8 40301
37452.9 40455.8
42719.3 40691.8
47131.9 40947.2
50571.2 41133.1
50491.8 41294
43984.1 41428
51989.4 41592
33574.3 41660.9
40571.4 41850
35704.9 42005.6
37882 42218.2
33290.4 42431.5
38162.4 42614.3
40658.6 42763.2
38338.9 42868.8
41922.8 43032.1
33128.6 43219.4
32729 43480.8
30959.1 43615.1
41329.4 43846.7
42705.1 43973.8
40582.6 44128
42614.3 44259.9
38513.7 44468.5
45087.6 44620.7
46397.5 44868.6
47878 45021.4
43345.5 45193.1
43326.7 45412.6
44920.9 45571.6
43395.7 45740.7
40942.2 45897.2
41610.8 46034.8
36379.8 46295.7
43235.6 46556
45665.7 46736.7
47507.4 46986.3
43488.3 47113.8
44842.4 47299.4
45229.2 47565.1
43788.9 47769.7
44282.4 48011.8
41529.2 48177.7
38455.3 48396
40596 48541.4
44414.3 48752
45134 48964
39314.3 49185.7
42768.4 49363.8
47360.9 49640.8
45034.7 49787
42971.8 50035.2
41138.8 50162.9
43456.2 50356.2
51039.9 50570.6
41194 50723.6
37638 50862.2
39762.3 51144.9
41512.1 51274.9
44956.5 51537.2
46699.3 51757.9
50156.7 51948.1
54129.3 52210.8
54120.1 52392.4
44685.6 52598.2
42916.9 52819.8
45142.8 53075.7
44957.2 53336.4
53122.1 53515.8
49283 53697.6
41487 53843.7
39608.7 54008.8
47833.8 54151.1
32632.6 54396
37407.2 54639.4
30129.7 54854.6
25189.7 55012.3
24923.1 55181.5
23494.8 55318.6
28312.9 55563.2
26423.2 55693.6
39042.7 55816.8
33487.7 56058.5
43955.6 56287.4
31642.8 56462.5
29375 56619.3
35093.2 56861.7
52501 57108


New execution
Iterations: 300
nJoints: 5
Active Learning: 1
Cost Sensitive: 1
costCoef: 0
[EKF]
p: 10
q: 0.001
r: 0.1
[Error values] 

114522 172.942
104204 375.438
142130 498.237
89734.6 604.398
71748.5 737.098
86314 908.106
141842 1059.98
184540 1285.82
132101 1435.71
145603 1609.56
118390 1768.44
87954.4 1962.36
103783 2104
73780.5 2340.62
69701.5 2492
64903 2696.3
75719.8 2903.36
69873.6 3107.2
72839 3301.78
73103.8 3477.82
63086.6 3617.31
57358.1 3783.53
68688.9 3926.94
60462.3 4030.61
58474.6 4288.24
55133.5 4436.74
59692.9 4551.2
53099 4718.19
53204.1 4856.15
54476.1 5071.52
52643.5 5284.83
54872 5443.68
56090.7 5715.01
53381.4 5941.99
48920.4 6169.56
58090.7 6288.74
54857 6434.38
57766.9 6701.02
48017.5 6883.49
50662.6 7013.74
63623.1 7205.48
59783.5 7434.9
51873.1 7684.73
58918.7 7935.89
57979.7 8126.79
49105.4 8333.03
53165.5 8511.97
48052.4 8720.64
52586.4 8947.87
52875.7 9053.14
50275.7 9278.9
42199.1 9458.69
52063.4 9695.62
53064.4 9956.47
50909.8 10114.7
45185.1 10345.4
44817.8 10481.3
46283.4 10710
59975.8 10930
65715.8 11071.4
64628 11327.1
49997.3 11480.6
49996.9 11712.1
48421.8 11923.2
46088.6 12145.9
44105.9 12373.1
47685.7 12608.9
55231.3 12725.9
50520.8 12958.9
52590.1 13083.7
47534.8 13280.4
48316.1 13387.2
47601 13530.9
63638.3 13774.9
60301.9 14022.2
46158.2 14178.7
53583.9 14347.2
51650.2 14449.6
44937.7 14695.3
47940.9 14937.4
54794.6 15145.6
48411 15308.5
48415.6 15568.2
45789.7 15753.8
48843.1 15937.9
44402.1 16155.5
52560.3 16389
54540.9 16585.8
57193.9 16781.7
46361.1 17039.5
48161.1 17263.4
53009.6 17413.5
52568.7 17665.5
50398 17870.3
54767.1 18101.2
51361 18265.6
48097 18499.5
50991.2 18727.3
54807.7 18906.9
54157.1 19147.8
47238.8 19413.6
42497.1 19696.2
51610.6 19841.6
56177.8 20111.6
50347.9 20340.5
46077.7 20468.3
47146 20750.8
58187.1 20992.3
58779.6 21194
52332.1 21405.3
50450.5 21613.4
43508.6 21735.6
56969.1 21916.2
49073.4 22107.8
51382.7 22234.5
40854.4 22392.1
38373 22526.5
46600.2 22784.7
40845.1 22951.4
43974.1 23106.4
39676.8 23307.7
48016.9 23534.3
53389.2 23792.1
47242.9 24074.6
46193.1 24272.3
39806.3 24401.6
51792.7 24506.5
42869.5 24702.1
54796 24918.9
46095.6 25120.8
43060.1 25295.6
43871.9 25479.7
38999.3 25627.1
40777.4 25810.1
54696.7 26014.8
46706.8 26217.6
36808 26436.1
40734.9 26554.9
39522.6 26692.5
39734.8 26890.7
44900.9 27131.8
50472.6 27273.2
44819.4 27469.4
47775 27636.7
45410.5 27855.4
45609 28001
41476.3 28201.2
50140.6 28319.8
45098 28527
48347.8 28750.6
46134.6 28944.3
45686.6 29151.9
46423.9 29279.1
52734.7 29493.1
48980.8 29733.7
42344.2 29873
41342.4 30060.5
48589.6 30193.4
43388.7 30455.2
45647.9 30603.4
43749.6 30787.8
50278.1 30988.3
51570.8 31163.3
41199.2 31250
44395.4 31386.8
42971 31557.8
33544.6 31695
28125 31922
40014.3 32065.5
43980.1 32332.6
46142.9 32520.8
47831.2 32697.9
54331.8 32920.8
38809.4 33068.4
32656.7 33187
37981.4 33343.5
39529.5 33548.7
41790.6 33666.8
48897.2 33767.5
37373.1 33940.7
32996.1 34146.9
36698.6 34349.7
36911.5 34607.5
37931.4 34781.7
40377.9 34962.7
29569.1 35146.7
35493.1 35390.2
50526 35607.8
44209.4 35826.1
38443.5 35961.6
38904.4 36196.7
47611.4 36466.3
50510.6 36640.1
48467.6 36831.6
45536.5 37049.6
46930.7 37194.4
45515 37437.9
44118.2 37697.7
50331 37902.2
49068.5 38099.1
48488.2 38244.6
42814.4 38451.5
35734.9 38580.2
37375.2 38848
35925 38978.2
39194.8 39234.6
50217.9 39446.8
44809.4 39704.6
44755.3 39845.8
40990.3 40020.5
41190.7 40182.4
42900.6 40316.8
41722.4 40536.7
37734.3 40741
33410.5 40839.8
42325.9 41038.7
41911.6 41168.5
29747.4 41381.7
33591.1 41543.8
31195.1 41690.9
42708.8 41903.2
39149.3 42035.7
38150.4 42207.7
44202.7 42482.2
54475.8 42739.9
39138.2 42991.9
39126.4 43136.7
42457.7 43340.6
51426.6 43543.8
45111.5 43674.3
46120.4 43866
43314.4 44044.8
41154 44187.9
36468.1 44360.2
38029 44486.8
42635.2 44756.2
48834.7 44960.1
48386.5 45188.2
43820.4 45439.3
44314.5 45580
40462.6 45754.2
41108.1 45881
50520.9 46067.8
41548 46173.3
38192.2 46376.9
41632.7 46570.9
36547.6 46830.9
25852.8 46956.6
31419.3 47144.4
24023.5 47257.2
27131.9 47427.8
24918.5 47617
31712.1 47758.3
36080.7 47961.6
28934.7 48091.9
33955.8 48321
39672.2 48522.5
42906.2 48792
43815.9 49008.5
38874 49253.1
35640.5 49481.3
40655.4 49640.2
35669.6 49909
35027.5 50125.5
34582.8 50247.7
41607.2 50449.8
44862.8 50685
39499.1 50856.4
39347.6 51002.3
43061.1 51162.9
30648.9 51288.4
34819.2 51413.5
35494.7 51662.3
42367.9 51792.7
35932.3 52001.9
36186.5 52159.5
44499.9 52363
43323.6 52547.9
45681.3 52744.3
43096.1 52968.1
32729.9 53169.5
31029.1 53404.8
35056.2 53506.6
39911.4 53720.2
47991.1 53941.7
40013.3 54110.5
42625.4 54301.8
41216.1 54523.8
40194.8 54683.9
38056.9 54905.3
42878.9 55114.9
50847.1 55316.2
49303.5 55442.4
50069.9 55629.8
31847.5 55746.2
39321.4 55992.8
36956 56228.2
44412.1 56351.8
40452.5 56613.8
42949 56734.9


New execution
Iterations: 300
nJoints: 5
Active Learning: 1
Cost Sensitive: 1
costCoef: 0
[EKF]
p: 10
q: 0.001
r: 0.1
[Error values] 

114522 172.942
104196 381.171
142119 504.26
89731.6 612.265
71667.5 745.844
86126.5 885.695
141896 1036.92
184684 1256.07
131986 1412.59
148061 1560.82
123373 1718.47
88900 1895.61
91695.2 1974.23
110839 2112.44
89869.8 2294.94
60078.9 2479.09
79910.6 2658.46
63453.1 2845.84
61939.3 2967.18
65135.1 3133.69
70943.1 3265.24
57642.2 3478.53
65495.6 3717.74
66614.9 3907.81
77816.7 4126.59
57377.7 4300.75
54640.2 4535.72
52519.6 4808.77
46880.9 5059.42
52815.9 5342.5
70490.7 5552.99
59086.3 5768.08
67161.5 6009.49
55014.7 6274.65
52076.1 6485.63
48471.6 6661.66
50417.9 6878.34
46774.1 7086.3
46795.6 7219.91
57421 7410.66
48012.7 7611.2
43960.1 7732.63
48592.8 7963.43
46133.6 8084.59
55562.2 8291.56
64623.1 8442.32
57334 8672.71
51831.2 8926
44411.1 9157.28
58262 9376.89
62224.2 9628.16
59704.1 9778.19
50323.7 10018.8
48090.1 10151.5
46492 10333
41089.9 10568.6
43401.8 10766.1
38449.7 10938.7
37853.3 11103.1
58821 11329.1
59126 11468.9
43905.6 11671.8
47871.7 11804.3
47074.5 12071.9
49530.3 12197.3
38203.1 12405.2
33217.3 12525.1
33157.7 12758.5
41076.2 12878.6
41860.6 13124.1
45573 13301
47781.5 13522.6
43611.1 13732.5
49640.2 13988.3
53871.2 14246.7
50195.8 14469.1
45673.6 14599.3
39931.3 14847.6
50020.3 14958.6
48935.6 15165.4
54041.3 15381
49368.4 15631.1
47429 15818.2
45048.2 16068.5
50599.3 16335.5
49550.3 16535.4
40136.7 16709.2
40804 16844
41164.5 17061.7
52357.6 17266.6
45805.7 17523.4
37878.6 17753
37968.7 17870.4
45057.7 18063.1
33707.3 18245.2
33143.2 18444.2
36213.5 18644.5
31271.3 18832.4
35812.2 19081.9
43227 19355.1
41130.4 19568.3
49867.1 19748.8
40898.9 19902.4
34062.1 20017.2
28522.1 20145.3
32360 20331.2
29990.9 20518.5
42722.3 20756.7
44090.9 20913.3
42547.6 21074
40580.6 21241.5
33974.7 21381.9
34603.5 21600.7
29980.2 21716.5
38445 21919.8
35353.9 22075.3
35572.7 22318.6
39746 22446.2
35439.7 22737.9
35991.5 22870.6
42068.4 23126.4
46673.4 23320
46225 23482.6
38461.1 23737.8
39323.2 23868.8
39427.9 24029.7
38066.4 24154.3
45075.1 24392.3
49376.5 24510.1
43876.4 24755.4
42965.4 24920
49502.1 25052.7
48191.1 25264.8
52549.8 25400.5
44053.1 25519.9
43008 25740.5
43252.5 25917.2
43044.2 26118.5
50129.3 26357.5
46939.9 26564.2
45055.8 26651.6
34227.7 26886.9
30404.9 27129.1
35720.6 27323.1
35132.9 27438.3
36130.8 27617.6
29793.9 27767.5
31718.6 27861.3
30865.4 28026.4
37507.1 28246.2
34402.8 28435.5
33423.3 28644.5
45900 28817.1
34656.5 28900
38371.4 29057.2
36904.7 29224.1
44757.3 29429.8
46445.3 29636.9
29866.9 29787.8
35627.4 30027.3
24925.2 30161.5
33607.5 30392.1
34213.7 30684.8
30304.8 30820.4
38058.9 31077
42409 31210.8
40831.3 31433.9
38186.5 31552.7
42774.5 31824.1
47550.4 32090.1
39433.1 32303.2
39659.6 32529.6
43247.4 32675.4
40386.6 32857.3
42922.8 33053.6
41127.9 33176
45906.1 33384.2
35145.9 33573.8
33131.6 33714.5
42442.2 33898.6
42203.6 34024.8
34830.7 34175.9
40536.4 34413.1
39136 34618.6
36278.1 34759.4
34620.2 34975.4
40664.6 35193.2
48282.9 35388.3
47872.4 35631.6
45575.5 35826
46184.5 35982.8
52526.4 36189.8
37992.2 36301.8
32531.1 36481.6
31576.7 36648.1
35807.7 36767.2
35358.1 36995.3
31761.3 37245
32099.5 37407.5
40256.4 37652.5
44202 37799.8
37535.7 37908.7
40386.8 38114.6
33767.7 38285.3
33956.4 38492.5
39030.9 38762.7
44818.5 38889.8
41542.1 39157.5
39278 39303.2
42674 39567
49990.8 39775.7
49227.7 40015.7
49501.7 40282.6
43533.2 40415
46870 40630.5
48225.3 40832.6
45897.2 41018.5
35290 41201.4
33775.2 41318.2
32918 41484.7
41040.9 41752.1
40515.6 41901
49807.9 42085.5
47593.6 42326
42570.5 42507.1
46323.3 42593
41984.3 42797.1
49429.8 42996.5
42432.7 43248.3
41497.9 43382.5
43767.7 43588.5
49535.9 43807
46902 44009.9
43693 44174.4
40533.3 44308.3
38038.3 44490.1
36854 44646.5
50889.6 44863.4
29618.6 45024.5
27460.9 45187.5
25413.4 45376.4
28482 45596
32835.2 45683.8
32935 45886.6
46215.8 46077.3
45340.1 46337.6
30143.2 46469.7
37344.3 46659.2
46609.9 46914
40999.8 47053.7
39134.7 47321
36751.2 47447.4
38917.1 47645.2
38541.5 47832.4
35193.8 48016
31302.5 48146.5
29855.7 48273.9
32609.8 48501.1
42828.4 48637.4
38117.8 48907.3
34608.8 49028.7
36684.2 49290.1
45896.8 49433.7
42994.9 49639.3
42298.6 49824.3
48574.3 49972.5
50181.6 50188.9
50691.7 50403.4
47428.9 50568.8
49169.5 50764.2
39784.8 50869.9
38396 51047.3
28722.7 51169.3
29924.8 51387.8
28799.6 51615.4
32511 51824.8
43269.8 51945.6
37674.8 52171.3
33605.1 52348
37108.2 52526.6
45895.7 52727.9
44480.1 52989.2
42904.8 53117.2
44969.3 53304
47514.4 53445.1
45731.8 53656.8
42155.1 53797.8
41418.7 54017.8
43446.6 54233.2
47628 54440.7
37032.7 54641.5
32992.2 54854.4
34610.1 54980.1
37643 55143
35176.2 55283
41909.6 55449
34947.4 55652
33094.1 55898.5
39963.4 56108.9
37946.7 56330.6


New execution
Iterations: 300
nJoints: 5
Active Learning: 1
Cost Sensitive: 1
costCoef: 0
[EKF]
p: 10
q: 0.001
r: 0.1
[Error values] 

114522 172.942
104204 392.346
142130 504.81
89734.6 624.52
71748.5 772.375
86314 929.014
141842 1089.84
184540 1311.83
132100 1465.07
145608 1638.51
118397 1777.4
87944.5 1951.6
103809 2061.09
73828.5 2294.32
69724.1 2436.78
64829.4 2640.48
75690.1 2845.34
69845.2 3050.56
72824.8 3244.59
73241.2 3419.38
62796.1 3572.8
57245.4 3737.62
68309.5 3873.61
59681.9 4084.57
69319.7 4314.81
55953.5 4499.76
62248.8 4775.67
57786.8 5054.92
60839.7 5281.66
56583.2 5493.03
65668 5686.42
61661.6 5925.38
55679.1 6132.26
58109.3 6235.03
56352.4 6489.96
57904 6632.77
59652.3 6757.47
51841 6873.81
52948.3 7083.21
49136.1 7291.73
55229.6 7544.78
55162 7789.89
53531 7961.3
54709.4 8150.33
62040.5 8360.15
50446.9 8523.64
58961.4 8682.12
57159.4 8794.27
57957.4 9001.55
58531.3 9224.02
49469.9 9420.49
52047.1 9690.25
41737.6 9877.96
48952.3 10054.5
48201 10291.9
53156.9 10438.8
56316.7 10696.7
65392.3 10939.2
61688.5 11136.5
61638.4 11326.9
57649.3 11515.6
62261.8 11740.5
62474.4 11982.8
61005.4 12251.2
61222.6 12501.6
52534.3 12741.1
50883.1 13007.9
54131.3 13251.1
56817.2 13478.8
56592 13660.9
47651.1 13916.1
49282.5 14128.3
45513.5 14309.1
54638.6 14476.8
55022.8 14677.1
55319.7 14893.3
47978.2 15051.9
44615.2 15159.1
43521.4 15364.7
37815.5 15583.3
51534.3 15823.1
65612.1 16041.4
52476.3 16228
53900.5 16449.8
50276.3 16637.9
62732.2 16884.1
59262.5 17050.4
50503.1 17285.9
55747.1 17512.9
61356.2 17736.7
44756.5 17894.2
46973.6 18097.2
48819.9 18235.6
47055.2 18360.6
55876.4 18522
55814.4 18694.7
52218.4 18906.1
44697.3 19088.8
42166.9 19274.6
50932.6 19493
63101.1 19723
60491.2 19914.1
46273.9 20135.6
45463 20338.6
57629.7 20483.5
47944.2 20596.9
51869 20735
44827.3 20893.7
51642 21082.3
50034.9 21178.6
54538.9 21403.3
53258.6 21565.6
63138.4 21688.5
53858.6 21906.8
52446.7 22048.5
64726.7 22304.5
63894.7 22539.7
52155.2 22784.5
49653.1 22967.2
61358.7 23076
53421.1 23242.4
58647 23471.9
54142 23742
39099.6 23842.7
48929.1 23969.7
58050.2 24234.1
51896.8 24360.1
50141.2 24584
56513 24824.2
56610.5 25035.3
44788.2 25197.1
51891 25400.9
53783.3 25541.5
47403.5 25792.1
50931.4 26018.1
45043.3 26153.4
47275.8 26392.5
51033.6 26557.6
48494.6 26693.9
45144.4 26873.6
45682 27057
52894.5 27198.9
61134.9 27441.4
66535.8 27642.7
46492.8 27777
48098.8 27973.1
47388.1 28111.8
56728.4 28225.4
48455.7 28415.1
47494.4 28549.4
52659 28775.7
50321.1 28928.2
42971 29106.7
46305.9 29283.8
54888.1 29400.4
56207.7 29616.7
57561.2 29878
43724.2 30005.2
46878.3 30155.9
47504.1 30355.2
43517.9 30488.9
39423.6 30700.6
47144.7 30955.4
57693.5 31175.5
39078.9 31269.2
43901.8 31517.9
44397.9 31744.5
50340.2 31878.4
55189.9 32119.7
43062.5 32315.8
40105.7 32531.8
46585.7 32696.9
53747.4 32970
58798.6 33188.9
51589.8 33409.5
40481.1 33629.4
43605.7 33826.3
52333.4 34044.2
46491.5 34147.7
50024.2 34360.5
54714.4 34435.7
56989 34580.8
65742.2 34801.7
70733.1 35024.7
58312.8 35207.3
72773 35363.8
56919.9 35568.3
54349.3 35723.5
62123.2 35985
51593.5 36159
57680.8 36366.4
39147.7 36606.5
49496 36816.6
43495.6 37068.5
34052.6 37273.8
38368.7 37450.7
35746.5 37623
43835.9 37790.5
52825.5 37940.6
51825.6 38126.6
36564.5 38375
39177.9 38606.8
40095.5 38799.1
57691.8 39081.1
61163.3 39267.1
55617.7 39372.3
55144.4 39574.7
55257.2 39787.8
46158.6 39947.5
59638.3 40243.6
57245.8 40372.4
55509.4 40590.5
54500.6 40724.3
55788.3 40922.9
43481.1 41100.6
33974.4 41175.1
40669.5 41383.2
35139.7 41577.3
40764.9 41807.4
52834.5 41916.6
40021 42172.4
55308.4 42356.3
56619 42573.8
46773.2 42702.7
41527.8 42865.3
48237.4 43066.3
54394.2 43206.2
43412.3 43443.6
43639.5 43588.2
52690.6 43772.3
44745.4 43909.2
43506.5 44056.4
50133.7 44242.2
46593.3 44521.9
60018.7 44730.9
51127.7 44983.3
64110.8 45123
41614.8 45238.7
50361.6 45374.8
37294.6 45604.7
51656.3 45790.9
37964.9 46073.6
44604.1 46290.9
53356.3 46418.2
47437.4 46609.9
62261.6 46869.8
56830.8 47076.5
56213.1 47360.8
54257.6 47491.6
56190.2 47737.5
50015.1 47902.3
55443.6 48100.9
52272.5 48314.8
58262.5 48536.3
52477.7 48701.7
51020.9 48904.3
54614.5 49050.7
56983 49254.2
47882.8 49490.5
53640.3 49763.6
56497.5 49993.2
52817 50269.8
52716.1 50486.3
54995.2 50671
51593.4 50849.4
36667 50921.4
43772.7 51033.2
30859.1 51219
37765.2 51410.3
40852.3 51542.3
42720.2 51661
58323.1 51819.7
61653.4 51914
54284.3 52047.7
55761.7 52308.8
60000.7 52526.2
62475.4 52661
56151.2 52820.5
48944.5 53000.1
51864.4 53252.4
54687.8 53475.6
46847.2 53667
46961 53858.3
56042.4 53997.3
54875.6 54171.6
60319.3 54346.3
59934.1 54596.1
59494.8 54708.8
55939.4 54902.3
55961.7 55030.4
56166.1 55270.7
55807.5 55456.8
65960.1 55679.2
40296.5 55781.4
50468.3 55890.2
76155.4 56122.9
58507 56382
68446.8 56483.5
38165.1 56668.2
36420.2 56896.8


New execution
Iterations: 300
nJoints: 5
Active Learning: 1
Cost Sensitive: 1
costCoef: 0
[EKF]
p: 10
q: 0.001
r: 0.1
[Error values] 

114522 145.871
104194 348.405
142120 460.311
89737.9 575.983
71682.1 729.4
86184.6 870.12
141912 1021.78
184388 1240.73
132065 1392.14
147679 1558.34
122636 1706.28
89066.3 1886.73
91904.9 1952.56
109624 2084.95
91644.1 2248.2
63308.6 2442.87
80428.5 2719.16
73533.9 2916.91
80330.3 3087.02
65931.5 3299.34
56882.9 3424.93
56429.6 3603.9
64474.8 3866.06
60723.1 4056.44
56492.2 4339.65
54347.4 4572.16
60539.7 4793.44
54998.6 5052.77
50719.1 5212.53
50210.2 5429.87
49204.2 5641.93
56760.4 5834.55
49703 6062.65
63060.7 6291.54
55455.6 6483.85
49641.4 6685.62
54890.9 6941.48
51707.2 7150.24
62790.6 7342.86
61408.7 7592.34
56610.8 7772.6
49666.6 7973.41
53913.8 8165.1
53180.7 8341.07
47325.7 8499.23
47517.4 8743.89
48094.5 8874.56
45208.1 9034.67
49203.4 9271.07
44250.8 9471.95
52086.6 9718.63
50794.4 9887.68
53871 10038.1
43736.2 10191.2
45052.3 10417.1
55964.7 10640.9
61472.2 10853.5
59689.1 11057.3
42846.4 11269.9
41038.1 11439.1
42293.7 11606.7
49175.5 11869.3
50743.4 12131.1
49389.5 12391.7
51154.2 12520.1
39388.9 12734
45883.4 12977.5
43990.3 13163.8
45587.6 13343.9
57240.3 13626.8
55891 13744.3
47094.8 13980.7
46065.7 14148.8
52008.7 14275.7
47019.7 14515.3
56805 14634.8
45379.4 14871.9
45739.1 14956.6
46234.5 15161.5
55057.5 15291
40416.5 15500.6
44083.2 15695.6
49105.4 15944.3
45686.8 16121.8
43901.2 16331.8
41709 16528
46168.2 16751.5
53828.9 16948
44320.6 17200.6
52624.9 17354
41478.7 17482.8
46060.4 17688.3
42552.9 17787.2
39104 17997.6
41576.1 18177.7
40705.4 18351.7
41812.1 18561.8
47021.4 18725.9
46876.9 18969.3
51867 19093.7
46669.3 19340
50109.4 19598.1
37798.1 19705.5
35645.3 19828.2
39111.6 19998.7
33059.2 20142
38315.9 20340.6
48824.4 20561.3
37098.9 20722.3
38446 20907.4
36229.1 21104.4
35640.7 21279.7
36108.2 21450.2
32769.9 21709.3
37410.1 21836.4
44192.9 22066.4
52030.2 22302
40534.6 22563
38985.6 22690.7
37800.6 22855.3
40594.6 23080.8
35899.5 23319.5
42590 23442.7
41194.9 23619.1
34573.4 23901.8
38607 24069.8
42978.1 24226.5
39356.2 24380.3
38476.5 24579.6
42883.4 24808.1
34130.9 25034.1
32512.9 25224.8
30363.4 25434.4
36633.6 25703.9
41546.3 25918.2
40550.1 26141.6
38224.2 26302.1
39539.3 26431.6
39055.5 26632.2
42499.4 26764.3
42475.4 26992.1
48473 27201.7
38836.5 27410.8
52561.4 27580
30487 27726.1
40589.5 27853
30682.2 28040.4
36140.8 28256.8
36714 28467.8
44375.6 28665.5
36582.9 28770
40727.6 28981.6
44702.4 29208.9
52902 29329.4
45447 29441
41585.8 29669.9
40476.1 29810.1
37652.1 29992.2
48085.9 30196.8
37467.2 30332.2
42161.9 30497.1
34966.3 30719.2
37844.7 30778.8
46738.6 30926.1
43666.8 31093.6
28535.7 31196.4
32578.5 31434.9
33723.8 31590.8
36043.8 31829
31670.7 32013.2
32562.4 32232.4
34498.9 32408.9
39716.6 32598.5
44536.5 32794.8
44318.6 33024
44969.5 33214.5
45173.6 33405.7
40171.1 33612.6
44318 33767
46250.9 33968.4
49346.6 34135.3
36181.3 34403.6
39662 34564.7
47507 34789.3
39052.7 34966.1
37573.1 35081.1
30355.5 35290.1
28007.6 35478.6
42372 35723.2
38656.8 35929.2
32991.6 36151.2
35538.1 36391.2
38761.3 36632.4
47219.6 36848.1
42550.3 37034
41470 37288.6
35548.3 37407
43608 37616.2
40774.1 37772.6
42444.8 37993.3
42149 38126.6
43921.3 38370.2
43536.2 38564.1
42687 38760
34206.7 38896.3
32125.6 39110.9
30576.6 39262.6
29776.1 39378.8
33421.8 39467.9
34858.8 39690.6
28037.1 39888.1
40405.1 40071.1
32290.1 40235.3
34783.7 40449.9
42457.5 40621
28406.8 40826.7
34296.9 40951.4
35880.7 41203
30130.5 41367.4
42205.8 41539.7
37416 41758.9
40016.7 42018.5
48955.5 42146.1
36934 42428.6
38117.8 42547.3
41598.4 42757.9
47689.5 42975.4
50244.1 43201
40942.4 43392.8
40709.7 43593
41135.9 43720.6
44005.5 43976.8
47289.1 44125.1
46613.7 44358.4
43825.1 44498.2
44433.5 44752.5
47276.6 44998.4
43725.7 45138.3
43355.6 45285.8
47202.3 45535.8
41208.5 45786.7
42365 46016.7
35337.1 46132.7
38716.4 46365.8
44285.5 46496.9
55192.4 46706.9
38526.1 46919.5
38805.1 47085.8
30896.2 47301
31992.9 47467
33640.1 47588.9
37063.5 47830.3
25460.6 48031.9
29124.6 48135.7
29034.2 48328.3
26733.9 48474.9
35123.4 48613.3
29279.5 48712.5
37845.2 48981.8
41131.7 49099
29406.6 49330.6
28281.6 49462.8
33408.1 49719.1
45633.7 49839.8
46720.3 50018.6
35723 50166.1
28344.3 50364.6
31164.2 50600.6
37959.5 50834.3
37523.3 51028.3
39830.2 51184.1
37418 51337
37288.6 51481.7
52674.5 51641.2
35295.7 51725.2
36003.2 51900.1
34391.7 52085.3
37256.6 52348.2
39903 52506.1
40360.3 52714.2
49303.8 52905.1
43909.8 53053.3
41927.1 53246.8
50982 53384.6
34068.9 53621.3
37953.9 53743.4
39279.2 54002.3
38183.3 54135.8
41479.2 54378.9
44671.8 54515.8
43847.8 54781.6
48224.8 54922.3
39759.7 55083.5
40287.7 55343.9
42274.8 55586.6
44723.8 55752.1
42621.6 55978.2
41169.5 56215
34126.2 56390.6
36521.3 56510.5


New execution
Iterations: 300
nJoints: 5
Active Learning: 1
Cost Sensitive: 1
costCoef: 0
[EKF]
p: 10
q: 0.001
r: 0.1
[Error values] 

114522 172.942
104196 379.828
142132 491.46
89488.1 597.474
71527.8 737.129
87166.7 876.438
141579 1037.99
181912 1256.29
130778 1422.89
143401 1562.43
127866 1765.07
131913 1894.89
67248.7 2022.12
80357.2 2291.51
68482 2562.55
75730 2759.73
63585.6 2966.54
55413.8 3160.21
63857.9 3361.86
56067.4 3587.48
56718.2 3808.73
53102.2 4003.05
58469 4249.72
60128 4400.61
63770.8 4588.55
66025.1 4813.35
59344 5021.77
55950.9 5291.96
61988.4 5533.66
63491.2 5726.61
61673.3 5961.98
55093 6116.71
62629.5 6334.45
59652.1 6489.6
61900.5 6680.16
54707.2 6918.61
69165 7202.64
64390.4 7387.21
63812.2 7636.68
53861.2 7901.74
59500.3 8104.61
68079.1 8308.22
63588.1 8470.09
63384.2 8680.18
57142.8 8875.88
53226.4 9107.07
64891.5 9286.24
55882.1 9486.91
57811.6 9692.75
60227.3 9811.75
66687.4 10019.4
61658 10214.4
69982.6 10480.3
69601.1 10657.6
66131.5 10880.8
56215.3 11154.4
57598.4 11441.7
62255.3 11613.6
59667.4 11828.8
77896.7 12035.2
75014.3 12310.7
72579.3 12540.1
64013.5 12778.2
62405.8 12966.7
63857.6 13174.4
68906.4 13343.9
68431.8 13573.3
68183.5 13807.4
70811.6 14042.3
71083.7 14304.1
69161.9 14518.2
63870.5 14708.8
59520.2 14969.4
58586 15247.2
61984.9 15530.9
62111.3 15689.1
66667.8 15945.1
64606.6 16195.6
67773.2 16387.5
50885.9 16547.2
51710.1 16805.1
59358.7 17010.7
55538.7 17244.4
56443.5 17387.2
51009.1 17635.1
52574.4 17885.6
48490.3 18103.7
55403.5 18331.9
54406.3 18510.7
61617.2 18739.8
48439.9 18870.7
56355.2 19056.5
57711.1 19305.8
58780 19527.6
51395.5 19701.8
45919.6 19912.2
48496.6 20146.1
52867.5 20363.9
54909.9 20549
58351.1 20707.1
64358.6 20810.1
56285.7 20949.5
57927.3 21003.4
63936 21225.2
62128.6 21412.9
59384.4 21657.4
57470.8 21856.8
50409.6 22114
51184.1 22356.1
51800.6 22621.8
53337.3 22853.1
57663.8 23090.4
55383.2 23327.2
53121.9 23477.9
55178.4 23673.9
47897.7 23887.4
52319.3 24121.5
51602.3 24304
49156.2 24585.2
49855.4 24816.3
60633.9 24971.8
54201.1 25176.4
54871.7 25367.1
54360.7 25513.6
50649.3 25751.6
47631.5 26002.2
55882.2 26150.1
58589.7 26366.6
52104.7 26592.6
56766.2 26847.5
47576.1 27065.2
54723.3 27311.6
58112.6 27512.4
52956.1 27711.2
61064.4 27967.6
57250.2 28219.6
65673.8 28400.9
51482.9 28542.6
47598.2 28748.6
51083.2 28984.7
49374 29120.9
56646.5 29292.1
55981.7 29464.1
61836.5 29678.5
53425 29910.7
64670.1 30123.8
59475.1 30348.8
64449.3 30516.9
60338 30735.3
48447.1 30970.4
52458.8 31210.6
55259 31399.5
61125.4 31600.3
55553.6 31743.8
47444.9 31985.2
51451.2 32246.9
54245.2 32466.3
41541 32654.4
41835.8 32840.8
49914 33016.9
46025 33184.9
51941.1 33468.4
49243.5 33665.8
52526.4 33886.4
53594.8 34128.2
49633.5 34286.9
62238.7 34512.4
53421.4 34786.7
57754.7 35063.9
53217.4 35260
66174.9 35476.6
55258 35658.6
51960.2 35897.3
49414.1 36002.7
44607.5 36173.3
39882.9 36377.8
49108.1 36520.6
50378.5 36638.5
47031.1 36849.2
49190.6 37046.3
47898.5 37296.4
49424.3 37498.4
52778.8 37726.6
49411.4 37844.3
55668.4 37997.5
47973.3 38223.5
55359.5 38441.5
51746.7 38636
44725.7 38860.5
45776.8 39018.5
45444.4 39158.1
52787.5 39427.6
52993.3 39623.9
66870.6 39801.7
53644.5 40042.1
58242.2 40274.5
54111.4 40495.6
56868.5 40616.8
59411.4 40851.9
58838.4 41073
51444 41239.2
50527.1 41403.8
59275.1 41584.1
43474.9 41703
58748.3 41817.8
43075.9 42043.9
52220.3 42277.9
57447.3 42457.2
46117.7 42589.1
43882.4 42720.5
51620.6 42971.6
50767.1 43082
43573.4 43255.5
46180.3 43451.6
35976 43601.6
37269.2 43776.3
43053.9 44010.2
45286 44242.8
39144.8 44505.9
38972.3 44675.3
38879.7 44905.2
50134.8 45131.2
43987.1 45257.9
43843.5 45473.2
41179.8 45624.1
54240.4 45827.2
52216.5 46081
39081.4 46309.1
40223.5 46490.2
54680.6 46628
52332.2 46825.2
47414.4 47028.4
44557.4 47169.6
48685.2 47416
46252.5 47621
41855 47738
46050.9 47905.8
45838.8 48056.3
47239.7 48263.1
64732.5 48453
38230.4 48651.8
44612.1 48908
38042.5 49024.8
42295.9 49227.8
42550.3 49460.5
38567.7 49621.2
41298.7 49832.7
56916.9 50022.8
50606.2 50289
52848.6 50495.4
49803.3 50698.1
43472 50858.8
46949.1 51098.4
52213.4 51325.8
51407.5 51522.1
42931.4 51714.8
45370.8 51862.3
42294.8 52091
46490.1 52248.2
43034.4 52463.7
46845 52660.7
48629.5 52918.5
45690.5 53127.1
39090.3 53271.3
47231.2 53445
53982.6 53644.3
42505.6 53784.6
37300.1 53972.5
43114.4 54133.4
48281 54385.8
45004.3 54659
43749.7 54819.7
39075.6 55041.7
38016.1 55205.6
40068.9 55431.4
44752.3 55684
42412.8 55927.3
42843.4 56119
38774.2 56242.3
38433.9 56421.9
44710.4 56620.7
46415.4 56768.2
42278.1 56994.3
43013.1 57207.8
44902.6 57446.3
45747 57658.1
45640.8 57863.4
50638.1 58071.1
37788.2 58233.5
33883.8 58493
42597.3 58593.6
37883.4 58844.6
44237.6 58980.7
33041.7 59202.7
33413.7 59335
35854.8 59509.1
46118.2 59746.3
47016 59926.4
38064.9 60092.7
33452.6 60297.3


New execution
Iterations: 300
nJoints: 5
Active Learning: 1
Cost Sensitive: 1
costCoef: 0
[EKF]
p: 10
q: 0.001
r: 0.1
[Error values] 

114522 173.029
104257 380.809
142031 495.413
89766.3 599.835
71890.3 732.701
86152.2 889.529
141692 1040.72
185924 1260.78
132118 1423.45
146440 1572.37
124281 1727.33
87680.4 1924.81
76761.9 2149.44
71686.4 2389.03
76274.8 2617.23
72980 2844.35
80720.8 3092.53
77509 3290.32
58025.1 3391.02
53297.1 3519.99
59038.6 3755.68
58847.2 3916.98
57167.2 4065.33
45739.7 4337.74
50930.4 4586.56
56238.8 4854.26
63783.9 4983.48
55046.4 5253.63
53472 5464.44
56902.5 5715.13
50686.3 5937.68
53911.3 6147.66
51219.1 6266.7
51908.9 6484.55
54751.6 6687.32
63433.9 6814.53
49459.7 6998.24
46121.6 7173.24
46192.1 7359.78
61154.3 7616.47
61208.5 7843.55
54563.4 8077.22
53587.5 8314.66
56289.1 8560.38
49345.6 8806.63
52881.9 8959.44
58785.1 9083.99
53738.3 9286.31
42888.8 9512.88
51503 9701.77
50919.7 9937.36
56935.1 10109.1
43367.9 10336.1
54561.5 10472
52807.2 10684.8
56789.7 10918.5
55079.4 11121.6
46259 11304.8
45398.6 11586.5
47455.4 11720.4
53373.4 11829.7
38593.9 12068.4
37742.5 12317.4
46774.7 12564.3
46840 12716.4
46044.3 12916.5
51599.2 13190.9
58934.5 13458.5
56893.3 13701.1
42206.4 13816.4
41363.2 13952.5
39736.7 14202.8
40340.6 14353
39882.7 14482.7
49828.5 14637.5
37073.9 14850.7
40920.4 15054.9
43278.4 15190.4
46094.7 15399.3
54762.1 15531.9
48832.1 15664.9
51650.6 15882.5
50509.4 16031.1
38085.5 16236.7
43087.9 16451
48086 16558.8
44236.3 16742.9
41319.3 16897.7
32155.8 17109.7
38313.4 17210.5
37286.5 17427.6
50291.6 17660.2
43128.6 17909.6
45332.5 18109.4
52366.5 18322.5
43517.1 18410
46752.3 18544.4
48379.3 18689.7
43515.5 18881.9
42095.8 19099.4
38408 19367
41867 19572.3
36041.3 19804.5
44865.7 20025.6
42957.8 20173.9
39278.6 20386
43898 20501.1
41568.1 20747.6
43320 20954.5
45300.3 21202.2
49778.4 21418
47655 21641.5
49352.5 21784.5
42798.8 21951
43492 22091.7
46055.5 22293.6
56764.3 22552.1
48820.1 22748.8
47433.7 22871.9
36373.2 23018.6
31187.3 23178.3
34431.1 23419.7
48004.5 23640.2
49194.9 23888
48479.6 24084.7
40366.8 24251.7
42704.1 24369.4
43810.1 24580.5
51083.2 24791.2
41655.9 24945.8
46956.2 25231.2
50538.9 25416.9
47276.5 25549
49864.4 25713.1
48360 25837.6
52196 26063.6
50854.2 26251.2
40882.1 26476.9
46904.1 26697.5
37857.1 26910.5
39580.4 27166.8
39103.7 27385.5
41813.1 27598
44308.2 27822.4
41878.2 28006.7
33382.8 28204.2
32061.8 28393.6
35965.9 28583.7
30017.3 28702.2
38032.3 28824.4
39720.2 29045.3
27755.2 29152.6
39218 29352.8
42658.5 29516.5
40588.6 29759.8
47884.3 29974.3
38693.4 30108.8
40497.9 30295.1
48294.8 30509.8
39866.1 30702
36551.6 30944.4
39229.1 31114.3
37273.3 31281
45824.4 31537.9
46604.4 31631.8
41968.3 31812.3
33057.1 31999.9
40077.6 32168.9
29253 32291
39202.4 32419.7
29185.8 32612.4
28490.9 32739.2
31827.6 32927
45586.4 33110.6
44196.5 33374.6
50849.9 33492.2
47781.1 33689.8
39594 33824.6
44209.8 34019.8
30261.6 34150.3
25619 34323.5
35943.1 34535.8
35744 34772.8
35251.5 34992.3
40635.9 35186.1
34823.5 35316.3
35627.2 35512.8
31659 35744
41895.4 35906.8
44600.9 36064
44134 36190.9
50159.1 36401.5
42533.1 36549.8
40767.8 36703.9
38320.4 36851.1
35932.9 37084.9
33247.8 37287.4
33547.4 37415.9
34584.9 37594.6
41005.9 37750.7
30804.6 37961.5
31100 38149.8
28942.1 38374.4
32390.4 38548
38770.5 38680.3
31474.6 38929
32902.2 39075.7
38176.8 39254.8
35894.1 39503.1
35271 39645.3
45093.4 39816.5
40855.2 39943
38120.8 40143.1
36087 40323.3
36769 40440.9
37632.1 40667.9
35743.6 40828.9
30760.6 41013.6
34247.7 41124.6
33324.2 41254.4
45395.9 41390.4
28332 41553.4
31299.1 41668.7
37050.3 41899.2
40566.9 42048.9
33937.8 42269.4
38232.4 42442.5
28049.3 42606.5
28128.4 42809.8
31622.5 43055.1
26525.8 43283.6
27945.1 43493.7
28784.7 43611.5
31523.4 43794.8
41083.9 44007.6
49377 44213.1
34706.6 44439.6
29336.1 44701.4
34015.7 44883.3
33597.8 45062.1
41122.4 45246.7
40510.9 45491.8
36073.7 45628.3
44464.5 45852
50209.4 46094
41925.7 46221
42583.1 46338.3
42168.1 46543.1
36618.4 46773.9
31434.4 46956.8
28198.4 47210.2
31501.3 47341.6
30390.3 47541.3
39442.8 47707.1
36845.4 47944.6
38243.6 48129.6
35473.2 48248.1
43419.4 48444.3
45761.6 48585.6
45704.1 48831
44140.4 49042.6
40993.2 49230.4
47059.1 49423.8
40890.9 49587.9
35907.7 49740.1
36936.4 49863.3
37427.6 50027.6
39210.3 50229.4
35299.6 50441.1
41664.4 50667.1
47540.6 50931.4
48195.2 51067.8
47058.1 51262.9
52373.3 51513.4
36563.6 51734.9
29212.5 51899
32232.8 52043.9
27491.3 52200
26314.1 52349.5
38918.1 52551
43063 52776.3
46995.9 53020.3
41640.4 53288.6
32477.8 53469
41641.3 53671
46851.8 53904.1
46740.3 54152.8
49473.9 54290.6
45029.4 54401.6
52366.6 54589
50624 54727.3
48900.3 54993.2
48090.8 55113.8
44357.1 55257.3
47828.1 55391
41401.2 55626.9
47564.6 55752.4
47152.3 55920.7
45275.9 56139.9
49533.2 56358.6
