[EKF]
joints:5
x:0,0,0,0,0,0,0,0,0,0,0,0,0,0,0,0,0,0,0,0
,0,0,0,0,0,0,0,0


0,-10.774,1.5707963267948966192313216916398,-1.5707963267948966192313216916398,
0,0,-1.5707963267948966192313216916398,-1.5707963267948966192313216916398,
-1.5,-15.228,-1.5707963267948966192313216916398,-1.832595714594046055769875306913‬,
1.5,0,1.5707963267948966192313216916398,0,
0,-13.73,1.5707963267948966192313216916398,-1.5707963267948966192313216916398,
0,0,1.5707963267948966192313216916398,1.5707963267948966192313216916398,
6.25,1.6,0,3.14159265358979323846
r:0.1
q:0.001
p:10

[AL]
use:yes
cost:yes
costCoef:0.1
input:5
iterations:5
lower_bounds:-94.5,0.0,-36.27,15.385,-90.0
,-90.0,-19.8
upper_bounds:9.45,160.8,79.5,105.88,90.0
,0.0,39.6 
max_time:1
outputFile:outAL.txt


lower_bounds -94.5,0.0,-36.27,15.385,-90.0,-90.0,-19.8
upper_bounds 9.45,160.8,79.5,105.88,90.0,0.0,39.6 